5 0.000000 0.315250 1.638000 0.613200 0.596200 -0.331100 -0.398600
6 0.841471 0.315300 1.636000 0.612900 0.596600 -0.331600 -0.398000
7 0.909297 0.315300 1.633900 0.613600 0.597100 -0.331200 -0.396600
8 0.141120 0.315300 1.631800 0.613900 0.597200 -0.331200 -0.395900
9 -0.756802 0.315400 1.629800 0.614800 0.597800 -0.330100 -0.394500
10 -0.958924 0.315400 1.627500 0.614800 0.597600 -0.330700 -0.394300
11 -0.279415 0.315400 1.625300 0.615100 0.597700 -0.330900 -0.393500
12 0.656987 0.315400 1.623100 0.615500 0.598500 -0.330200 -0.392300
13 0.989358 0.315350 1.621000 0.615200 0.599300 -0.330000 -0.391800
14 0.412118 0.315300 1.618700 0.614800 0.599300 -0.330600 -0.391900
