-0.283477 -100
-0.276874 -99
-0.270134 -98
-0.263259 -97
-0.256253 -96
-0.249115 -95
-0.241848 -94
-0.234456 -93
-0.226939 -92
-0.219307 -91
-0.211550 -90
-0.203663 -89
-0.195660 -88
-0.187546 -87
-0.179318 -86
-0.170979 -85
-0.162527 -84
-0.153973 -83
-0.145319 -82
-0.136563 -81
-0.127710 -80
-0.118760 -79
-0.109721 -78
-0.100586 -77
-0.091376 -76
-0.082077 -75
-0.072695 -74
-0.063232 -73
-0.053705 -72
-0.044099 -71
-0.034434 -70
-0.024692 -69
-0.014888 -68
-0.005028 -67
0.004876 -66
0.014846 -65
0.024859 -64
0.034918 -63
0.045011 -62
0.055150 -61
0.065320 -60
0.075522 -59
0.085755 -58
0.096013 -57
0.106291 -56
0.116588 -55
0.126901 -54
0.137222 -53
0.147549 -52
0.157880 -51
0.168215 -50
0.178538 -49
0.188859 -48
0.199166 -47
0.209458 -46
0.219736 -45
0.229989 -44
0.240217 -43
0.250414 -42
0.260579 -41
0.270707 -40
0.280794 -39
0.290837 -38
0.300835 -37
0.310776 -36
0.320656 -35
0.330487 -34
0.340250 -33
0.349948 -32
0.359578 -31
0.369133 -30
0.378612 -29
0.388007 -28
0.397321 -27
0.406544 -26
0.415670 -25
0.424702 -24
0.433638 -23
0.442466 -22
0.451186 -21
0.459794 -20
0.468280 -19
0.476659 -18
0.484916 -17
0.493045 -16
0.501044 -15
0.508909 -14
0.516639 -13
0.524229 -12
0.531673 -11
0.538975 -10
0.546122 -9
0.553120 -8
0.559957 -7
0.566630 -6
0.573144 -5
0.579490 -4
0.585662 -3
0.591667 -2
0.597491 -1
0.603135 0
0.608450 1
0.613578 2
0.618518 3
0.623264 4
0.627817 5
0.632168 6
0.636320 7
0.640267 8
0.644008 9
0.647540 10
0.650862 11
0.653969 12
0.656860 13
0.659534 14
0.661987 15
0.664219 16
0.666228 17
0.668012 18
0.669569 19
0.670899 20
0.672001 21
0.672873 22
0.673517 23
0.673929 24
0.674112 25
0.673778 26
0.673210 27
0.672413 28
0.671389 29
0.670142 30
0.668660 31
0.666957 32
0.665017 33
0.662865 34
0.660471 35
0.657863 36
0.655040 37
0.651993 38
0.648735 39
0.645257 40
0.641571 41
0.637665 42
0.633561 43
0.629259 44
0.624759 45
0.620049 46
0.615152 47
0.610061 48
0.604784 49
0.599315 50
0.593665 51
0.587837 52
0.581831 53
0.575649 54
0.569298 55
0.562780 56
0.556098 57
0.549252 58
0.542252 59
0.535094 60
0.527788 61
0.520334 62
0.512742 63
0.505006 64
0.497128 65
0.489118 66
0.480978 67
0.472717 68
0.464333 69
0.455828 70
0.447205 71
0.438474 72
0.429633 73
0.420689 74
0.411648 75
0.402508 76
0.393286 77
0.383963 78
0.374558 79
0.365066 80
0.355500 81
0.345861 82
0.336145 83
0.326368 84
0.316530 85
0.306642 86
0.296694 87
0.286692 88
0.276643 89
0.266551 90
0.256416 91
0.246243 92
0.236035 93
0.225806 94
0.215544 95
0.205263 96
0.194966 97
0.184651 98
0.174324 99
