1305031098.6700 1.3563 0.3152 1.6380
1305031098.6800 1.3543 0.3153 1.6360
1305031098.6900 1.3523 0.3153 1.6339
1305031098.7000 1.3502 0.3153 1.6318
1305031098.7100 1.3482 0.3154 1.6296
1305031098.7200 1.3462 0.3154 1.6275
1305031098.7300 1.3439 0.3154 1.6253
1305031098.7400 1.3417 0.3154 1.6231
1305031098.7500 1.3396 0.3154 1.6209
1305031098.7600 1.3375 0.3153 1.6187
1305031098.7700 1.3352 0.3152 1.6162
1305031098.7800 1.3328 0.3151 1.6138
1305031098.7900 1.3303 0.3150 1.6113
1305031098.8000 1.3278 0.3148 1.6087
1305031098.8100 1.3253 0.3147 1.6060
1305031098.8200 1.3228 0.3145 1.6034
1305031098.8300 1.3203 0.3144 1.6006
1305031098.8400 1.3179 0.3143 1.5979
1305031098.8500 1.3149 0.3141 1.5950
1305031098.8600 1.3118 0.3139 1.5920
1305031098.8700 1.3092 0.3137 1.5889
1305031098.8800 1.3066 0.3135 1.5857
1305031098.8900 1.3036 0.3133 1.5824
1305031098.9000 1.3007 0.3131 1.5792
1305031098.9100 1.2975 0.3128 1.5759
1305031098.9200 1.2943 0.3126 1.5726
1305031098.9300 1.2914 0.3124 1.5692
1305031098.9400 1.2886 0.3123 1.5658
1305031098.9500 1.2852 0.3120 1.5621
1305031098.9600 1.2817 0.3118 1.5583
1305031098.9700 1.2786 0.3116 1.5547
1305031098.9800 1.2755 0.3114 1.5511
1305031098.9900 1.2724 0.3113 1.5474
1305031099.0000 1.2693 0.3111 1.5437
1305031099.0100 1.2663 0.3110 1.5402
1305031099.0200 1.2632 0.3110 1.5367
1305031099.0300 1.2599 0.3109 1.5330
1305031099.0400 1.2567 0.3108 1.5292
1305031099.0500 1.2534 0.3107 1.5254
1305031099.0600 1.2502 0.3106 1.5217
1305031099.0700 1.2472 0.3105 1.5179
1305031099.0800 1.2443 0.3104 1.5142
1305031099.0900 1.2412 0.3103 1.5106
1305031099.1000 1.2381 0.3102 1.5070
1305031099.1100 1.2351 0.3101 1.5035
1305031099.1200 1.2322 0.3100 1.5000
1305031099.1300 1.2292 0.3100 1.4965
1305031099.1400 1.2263 0.3100 1.4931
1305031099.1500 1.2233 0.3099 1.4897
1305031099.1600 1.2204 0.3099 1.4862
1305031099.1700 1.2175 0.3099 1.4826
1305031099.1800 1.2146 0.3099 1.4790
1305031099.1900 1.2116 0.3100 1.4754
1305031099.2000 1.2087 0.3100 1.4719
1305031099.2100 1.2058 0.3101 1.4683
1305031099.2200 1.2028 0.3101 1.4647
1305031099.2300 1.2000 0.3103 1.4613
1305031099.2400 1.1972 0.3104 1.4579
1305031099.2500 1.1945 0.3105 1.4545
1305031099.2600 1.1917 0.3105 1.4511
1305031099.2700 1.1889 0.3106 1.4478
1305031099.2800 1.1862 0.3108 1.4444
1305031099.2900 1.1836 0.3109 1.4411
1305031099.3000 1.1810 0.3110 1.4378
1305031099.3100 1.1784 0.3110 1.4347
1305031099.3200 1.1758 0.3111 1.4317
1305031099.3300 1.1732 0.3113 1.4286
1305031099.3400 1.1706 0.3115 1.4256
1305031099.3500 1.1682 0.3117 1.4227
1305031099.3600 1.1658 0.3119 1.4199
1305031099.3700 1.1633 0.3121 1.4171
1305031099.3800 1.1607 0.3123 1.4142
1305031099.3900 1.1582 0.3125 1.4115
1305031099.4000 1.1557 0.3126 1.4089
1305031099.4100 1.1534 0.3129 1.4062
1305031099.4200 1.1510 0.3131 1.4034
1305031099.4300 1.1488 0.3133 1.4009
1305031099.4400 1.1466 0.3135 1.3983
1305031099.4500 1.1442 0.3137 1.3958
1305031099.4600 1.1419 0.3140 1.3933
1305031099.4700 1.1399 0.3142 1.3909
1305031099.4800 1.1378 0.3144 1.3885
1305031099.4900 1.1355 0.3145 1.3861
1305031099.5000 1.1333 0.3147 1.3836
1305031099.5100 1.1313 0.3149 1.3813
1305031099.5200 1.1293 0.3151 1.3789
1305031099.5300 1.1272 0.3154 1.3765
1305031099.5400 1.1251 0.3156 1.3742
1305031099.5500 1.1232 0.3158 1.3720
1305031099.5600 1.1213 0.3160 1.3697
1305031099.5700 1.1193 0.3163 1.3673
1305031099.5800 1.1172 0.3165 1.3649
1305031099.5900 1.1153 0.3167 1.3626
1305031099.6000 1.1134 0.3170 1.3602
1305031099.6100 1.1115 0.3172 1.3579
1305031099.6200 1.1096 0.3175 1.3557
1305031099.6300 1.1078 0.3178 1.3535
1305031099.6400 1.1061 0.3180 1.3513
1305031099.6500 1.1044 0.3183 1.3491
1305031099.6600 1.1026 0.3185 1.3468
1305031099.6700 1.1009 0.3189 1.3447
1305031099.6800 1.0992 0.3192 1.3427
1305031099.6900 1.0978 0.3195 1.3409
1305031099.7000 1.0963 0.3197 1.3390
1305031099.7100 1.0949 0.3201 1.3371
1305031099.7200 1.0935 0.3204 1.3352
1305031099.7300 1.0922 0.3206 1.3335
1305031099.7400 1.0910 0.3209 1.3317
1305031099.7500 1.0898 0.3212 1.3301
1305031099.7600 1.0886 0.3215 1.3285
1305031099.7700 1.0877 0.3216 1.3270
1305031099.7800 1.0869 0.3219 1.3256
1305031099.7900 1.0861 0.3221 1.3246
1305031099.8000 1.0854 0.3223 1.3236
1305031099.8100 1.0850 0.3224 1.3229
1305031099.8200 1.0846 0.3225 1.3221
1305031099.8300 1.0844 0.3226 1.3217
1305031099.8400 1.0841 0.3226 1.3214
1305031099.8500 1.0842 0.3226 1.3216
1305031099.8600 1.0842 0.3226 1.3217
1305031099.8700 1.0846 0.3226 1.3221
1305031099.8800 1.0850 0.3226 1.3226
1305031099.8900 1.0856 0.3226 1.3235
1305031099.9000 1.0861 0.3226 1.3243
1305031099.9100 1.0870 0.3224 1.3257
1305031099.9200 1.0879 0.3222 1.3271
1305031099.9300 1.0891 0.3222 1.3291
1305031099.9400 1.0903 0.3221 1.3310
1305031099.9500 1.0917 0.3219 1.3334
1305031099.9600 1.0931 0.3217 1.3357
1305031099.9700 1.0947 0.3215 1.3383
1305031099.9800 1.0964 0.3212 1.3409
1305031099.9900 1.0982 0.3210 1.3437
1305031100.0000 1.1000 0.3207 1.3465
1305031100.0100 1.1020 0.3204 1.3497
1305031100.0200 1.1039 0.3201 1.3528
1305031100.0300 1.1061 0.3198 1.3561
1305031100.0400 1.1083 0.3196 1.3594
1305031100.0500 1.1104 0.3193 1.3628
1305031100.0600 1.1125 0.3190 1.3662
1305031100.0700 1.1147 0.3186 1.3698
1305031100.0800 1.1170 0.3183 1.3733
1305031100.0900 1.1195 0.3181 1.3768
1305031100.1000 1.1219 0.3179 1.3803
1305031100.1100 1.1242 0.3176 1.3838
1305031100.1200 1.1266 0.3174 1.3872
1305031100.1300 1.1291 0.3171 1.3907
1305031100.1400 1.1316 0.3169 1.3941
1305031100.1500 1.1341 0.3166 1.3975
1305031100.1600 1.1367 0.3164 1.4009
1305031100.1700 1.1395 0.3161 1.4044
1305031100.1800 1.1422 0.3159 1.4079
1305031100.1900 1.1450 0.3157 1.4116
1305031100.2000 1.1477 0.3155 1.4152
1305031100.2100 1.1506 0.3154 1.4190
1305031100.2200 1.1536 0.3152 1.4227
1305031100.2300 1.1565 0.3151 1.4264
1305031100.2400 1.1595 0.3150 1.4302
1305031100.2500 1.1625 0.3148 1.4339
1305031100.2600 1.1655 0.3147 1.4377
1305031100.2700 1.1683 0.3146 1.4415
1305031100.2800 1.1712 0.3145 1.4453
1305031100.2900 1.1743 0.3144 1.4490
1305031100.3000 1.1773 0.3143 1.4527
1305031100.3100 1.1803 0.3142 1.4565
1305031100.3200 1.1832 0.3141 1.4603
1305031100.3300 1.1863 0.3141 1.4642
1305031100.3400 1.1893 0.3140 1.4682
1305031100.3500 1.1924 0.3140 1.4721
1305031100.3600 1.1955 0.3139 1.4760
1305031100.3700 1.1986 0.3139 1.4798
1305031100.3800 1.2017 0.3139 1.4836
1305031100.3900 1.2049 0.3138 1.4874
1305031100.4000 1.2081 0.3137 1.4913
1305031100.4100 1.2112 0.3137 1.4952
1305031100.4200 1.2144 0.3136 1.4992
1305031100.4300 1.2174 0.3136 1.5030
1305031100.4400 1.2205 0.3135 1.5069
1305031100.4500 1.2238 0.3135 1.5109
1305031100.4600 1.2270 0.3134 1.5148
1305031100.4700 1.2300 0.3133 1.5186
1305031100.4800 1.2330 0.3131 1.5224
1305031100.4900 1.2359 0.3130 1.5264
1305031100.5000 1.2388 0.3129 1.5304
1305031100.5100 1.2419 0.3129 1.5343
1305031100.5200 1.2450 0.3128 1.5381
1305031100.5300 1.2480 0.3127 1.5419
1305031100.5400 1.2509 0.3126 1.5457
1305031100.5500 1.2536 0.3125 1.5494
1305031100.5600 1.2563 0.3123 1.5531
1305031100.5700 1.2591 0.3122 1.5568
1305031100.5800 1.2620 0.3121 1.5606
1305031100.5900 1.2647 0.3120 1.5642
1305031100.6000 1.2674 0.3120 1.5678
1305031100.6100 1.2701 0.3119 1.5713
1305031100.6200 1.2728 0.3118 1.5748
1305031100.6300 1.2753 0.3116 1.5783
1305031100.6400 1.2778 0.3115 1.5818
1305031100.6500 1.2801 0.3114 1.5851
1305031100.6600 1.2825 0.3113 1.5884
1305031100.6700 1.2849 0.3112 1.5917
1305031100.6800 1.2873 0.3111 1.5950
1305031100.6900 1.2896 0.3110 1.5981
1305031100.7000 1.2918 0.3110 1.6012
1305031100.7100 1.2940 0.3110 1.6043
1305031100.7200 1.2963 0.3109 1.6075
1305031100.7300 1.2985 0.3109 1.6104
1305031100.7400 1.3007 0.3109 1.6133
1305031100.7500 1.3028 0.3108 1.6159
1305031100.7600 1.3049 0.3108 1.6186
1305031100.7700 1.3069 0.3107 1.6213
1305031100.7800 1.3088 0.3106 1.6239
1305031100.7900 1.3110 0.3106 1.6265
1305031100.8000 1.3131 0.3106 1.6291
1305031100.8100 1.3149 0.3105 1.6315
1305031100.8200 1.3167 0.3105 1.6338
1305031100.8300 1.3187 0.3105 1.6361
1305031100.8400 1.3206 0.3105 1.6384
1305031100.8500 1.3228 0.3105 1.6406
1305031100.8600 1.3249 0.3105 1.6428
1305031100.8700 1.3266 0.3104 1.6448
1305031100.8800 1.3284 0.3103 1.6469
1305031100.8900 1.3304 0.3103 1.6490
1305031100.9000 1.3324 0.3103 1.6512
1305031100.9100 1.3342 0.3101 1.6532
1305031100.9200 1.3361 0.3100 1.6553
1305031100.9300 1.3381 0.3100 1.6573
1305031100.9400 1.3401 0.3099 1.6593
1305031100.9500 1.3422 0.3098 1.6613
1305031100.9600 1.3443 0.3098 1.6632
1305031100.9700 1.3460 0.3097 1.6650
1305031100.9800 1.3477 0.3096 1.6668
1305031100.9900 1.3495 0.3095 1.6685
1305031101.0000 1.3514 0.3095 1.6702
1305031101.0100 1.3531 0.3095 1.6718
1305031101.0200 1.3549 0.3095 1.6734
1305031101.0300 1.3567 0.3095 1.6752
1305031101.0400 1.3585 0.3095 1.6770
1305031101.0500 1.3602 0.3094 1.6787
1305031101.0600 1.3619 0.3094 1.6804
1305031101.0700 1.3637 0.3093 1.6820
1305031101.0800 1.3655 0.3093 1.6837
1305031101.0900 1.3671 0.3093 1.6853
1305031101.1000 1.3688 0.3093 1.6869
1305031101.1100 1.3705 0.3093 1.6884
1305031101.1200 1.3722 0.3093 1.6898
1305031101.1300 1.3736 0.3093 1.6912
1305031101.1400 1.3750 0.3093 1.6926
1305031101.1500 1.3766 0.3093 1.6941
1305031101.1600 1.3782 0.3093 1.6956
1305031101.1700 1.3797 0.3093 1.6972
1305031101.1800 1.3812 0.3093 1.6987
1305031101.1900 1.3826 0.3093 1.7001
1305031101.2000 1.3841 0.3094 1.7014
1305031101.2100 1.3853 0.3094 1.7029
1305031101.2200 1.3865 0.3095 1.7044
1305031101.2300 1.3881 0.3096 1.7059
1305031101.2400 1.3896 0.3096 1.7074
1305031101.2500 1.3910 0.3097 1.7087
1305031101.2600 1.3923 0.3098 1.7101
1305031101.2700 1.3939 0.3099 1.7116
1305031101.2800 1.3954 0.3100 1.7131
1305031101.2900 1.3966 0.3101 1.7147
1305031101.3000 1.3979 0.3102 1.7163
1305031101.3100 1.3992 0.3104 1.7179
1305031101.3200 1.4006 0.3105 1.7195
1305031101.3300 1.4020 0.3107 1.7212
1305031101.3400 1.4034 0.3109 1.7229
1305031101.3500 1.4048 0.3110 1.7246
1305031101.3600 1.4062 0.3111 1.7263
1305031101.3700 1.4074 0.3113 1.7279
1305031101.3800 1.4086 0.3115 1.7295
1305031101.3900 1.4100 0.3117 1.7310
1305031101.4000 1.4113 0.3120 1.7325
1305031101.4100 1.4125 0.3122 1.7340
1305031101.4200 1.4138 0.3125 1.7355
1305031101.4300 1.4148 0.3127 1.7370
1305031101.4400 1.4159 0.3129 1.7385
1305031101.4500 1.4163 0.3131 1.7397
1305031101.4600 1.4168 0.3133 1.7410
1305031101.4700 1.4179 0.3135 1.7425
1305031101.4800 1.4189 0.3136 1.7439
1305031101.4900 1.4198 0.3139 1.7451
1305031101.5000 1.4206 0.3141 1.7464
1305031101.5100 1.4213 0.3143 1.7475
1305031101.5200 1.4219 0.3145 1.7487
1305031101.5300 1.4232 0.3148 1.7502
1305031101.5400 1.4245 0.3151 1.7518
1305031101.5500 1.4251 0.3154 1.7529
1305031101.5600 1.4257 0.3156 1.7540
1305031101.5700 1.4263 0.3158 1.7551
1305031101.5800 1.4269 0.3160 1.7562
1305031101.5900 1.4272 0.3164 1.7571
1305031101.6000 1.4274 0.3166 1.7579
1305031101.6100 1.4276 0.3168 1.7587
1305031101.6200 1.4279 0.3170 1.7595
1305031101.6300 1.4280 0.3172 1.7601
1305031101.6400 1.4280 0.3174 1.7607
1305031101.6500 1.4280 0.3176 1.7611
1305031101.6600 1.4280 0.3179 1.7615
1305031101.6700 1.4278 0.3181 1.7614
1305031101.6800 1.4276 0.3182 1.7614
1305031101.6900 1.4272 0.3184 1.7611
1305031101.7000 1.4269 0.3186 1.7607
1305031101.7100 1.4264 0.3187 1.7601
1305031101.7200 1.4260 0.3189 1.7596
1305031101.7300 1.4255 0.3190 1.7588
1305031101.7400 1.4249 0.3191 1.7580
1305031101.7500 1.4238 0.3192 1.7569
1305031101.7600 1.4226 0.3193 1.7557
1305031101.7700 1.4218 0.3193 1.7544
1305031101.7800 1.4209 0.3194 1.7531
1305031101.7900 1.4199 0.3194 1.7517
1305031101.8000 1.4189 0.3195 1.7502
1305031101.8100 1.4170 0.3194 1.7484
1305031101.8200 1.4151 0.3194 1.7466
1305031101.8300 1.4139 0.3193 1.7449
1305031101.8400 1.4126 0.3191 1.7432
1305031101.8500 1.4114 0.3190 1.7410
1305031101.8600 1.4101 0.3189 1.7388
1305031101.8700 1.4084 0.3188 1.7364
1305031101.8800 1.4067 0.3186 1.7339
1305031101.8900 1.4051 0.3185 1.7315
1305031101.9000 1.4034 0.3185 1.7291
1305031101.9100 1.4015 0.3183 1.7267
1305031101.9200 1.3996 0.3180 1.7243
1305031101.9300 1.3976 0.3179 1.7219
1305031101.9400 1.3957 0.3177 1.7195
1305031101.9500 1.3937 0.3175 1.7168
1305031101.9600 1.3918 0.3173 1.7142
1305031101.9700 1.3897 0.3171 1.7117
1305031101.9800 1.3877 0.3169 1.7091
1305031101.9900 1.3855 0.3167 1.7065
1305031102.0000 1.3833 0.3166 1.7038
1305031102.0100 1.3812 0.3164 1.7012
1305031102.0200 1.3791 0.3162 1.6987
1305031102.0300 1.3763 0.3160 1.6960
1305031102.0400 1.3736 0.3158 1.6933
1305031102.0500 1.3717 0.3156 1.6911
1305031102.0600 1.3698 0.3155 1.6889
1305031102.0700 1.3671 0.3152 1.6861
1305031102.0800 1.3644 0.3150 1.6833
1305031102.0900 1.3624 0.3148 1.6809
1305031102.1000 1.3605 0.3147 1.6785
1305031102.1100 1.3577 0.3145 1.6757
1305031102.1200 1.3549 0.3142 1.6729
1305031102.1300 1.3526 0.3141 1.6703
1305031102.1400 1.3504 0.3140 1.6678
1305031102.1500 1.3478 0.3138 1.6652
1305031102.1600 1.3452 0.3136 1.6627
1305031102.1700 1.3428 0.3135 1.6601
1305031102.1800 1.3405 0.3133 1.6575
1305031102.1900 1.3378 0.3132 1.6547
1305031102.2000 1.3352 0.3130 1.6519
1305031102.2100 1.3327 0.3129 1.6492
1305031102.2200 1.3303 0.3128 1.6464
1305031102.2300 1.3278 0.3127 1.6437
1305031102.2400 1.3253 0.3126 1.6409
1305031102.2500 1.3229 0.3126 1.6383
1305031102.2600 1.3205 0.3126 1.6357
1305031102.2700 1.3182 0.3127 1.6330
1305031102.2800 1.3160 0.3127 1.6302
1305031102.2900 1.3135 0.3127 1.6276
1305031102.3000 1.3111 0.3127 1.6249
1305031102.3100 1.3089 0.3128 1.6222
1305031102.3200 1.3066 0.3128 1.6196
1305031102.3300 1.3042 0.3128 1.6170
1305031102.3400 1.3018 0.3129 1.6145
1305031102.3500 1.2993 0.3129 1.6119
1305031102.3600 1.2968 0.3129 1.6092
1305031102.3700 1.2945 0.3128 1.6067
1305031102.3800 1.2922 0.3128 1.6041
1305031102.3900 1.2898 0.3128 1.6014
1305031102.4000 1.2875 0.3129 1.5987
1305031102.4100 1.2853 0.3129 1.5960
1305031102.4200 1.2830 0.3129 1.5933
1305031102.4300 1.2804 0.3129 1.5905
1305031102.4400 1.2778 0.3129 1.5877
1305031102.4500 1.2755 0.3128 1.5850
1305031102.4600 1.2733 0.3127 1.5824
1305031102.4700 1.2708 0.3127 1.5797
1305031102.4800 1.2683 0.3127 1.5770
1305031102.4900 1.2657 0.3127 1.5743
1305031102.5000 1.2631 0.3126 1.5716
1305031102.5100 1.2607 0.3126 1.5689
1305031102.5200 1.2582 0.3125 1.5661
1305031102.5300 1.2557 0.3125 1.5635
1305031102.5400 1.2531 0.3124 1.5610
1305031102.5500 1.2507 0.3123 1.5583
1305031102.5600 1.2482 0.3123 1.5557
1305031102.5700 1.2458 0.3122 1.5533
1305031102.5800 1.2434 0.3122 1.5508
1305031102.5900 1.2411 0.3122 1.5483
1305031102.6000 1.2389 0.3122 1.5458
1305031102.6100 1.2362 0.3122 1.5433
1305031102.6200 1.2336 0.3122 1.5407
1305031102.6300 1.2311 0.3122 1.5379
1305031102.6400 1.2287 0.3121 1.5352
1305031102.6500 1.2262 0.3121 1.5324
1305031102.6600 1.2237 0.3121 1.5295
1305031102.6700 1.2214 0.3122 1.5266
1305031102.6800 1.2190 0.3123 1.5236
1305031102.6900 1.2166 0.3122 1.5207
1305031102.7000 1.2142 0.3122 1.5178
1305031102.7100 1.2115 0.3122 1.5147
1305031102.7200 1.2089 0.3123 1.5116
1305031102.7300 1.2063 0.3123 1.5085
1305031102.7400 1.2037 0.3124 1.5053
1305031102.7500 1.2012 0.3124 1.5022
1305031102.7600 1.1986 0.3124 1.4990
1305031102.7700 1.1962 0.3124 1.4960
1305031102.7800 1.1937 0.3124 1.4929
1305031102.7900 1.1912 0.3124 1.4897
1305031102.8000 1.1887 0.3125 1.4865
1305031102.8100 1.1865 0.3125 1.4834
1305031102.8200 1.1843 0.3126 1.4803
1305031102.8300 1.1820 0.3126 1.4773
1305031102.8400 1.1797 0.3126 1.4743
1305031102.8500 1.1774 0.3126 1.4714
1305031102.8600 1.1750 0.3125 1.4685
1305031102.8700 1.1729 0.3125 1.4656
1305031102.8800 1.1707 0.3125 1.4627
1305031102.8900 1.1686 0.3124 1.4598
1305031102.9000 1.1666 0.3124 1.4570
1305031102.9100 1.1644 0.3123 1.4542
1305031102.9200 1.1622 0.3122 1.4513
1305031102.9300 1.1602 0.3121 1.4486
1305031102.9400 1.1582 0.3120 1.4458
1305031102.9500 1.1560 0.3118 1.4429
1305031102.9600 1.1538 0.3116 1.4400
1305031102.9700 1.1519 0.3115 1.4371
1305031102.9800 1.1501 0.3113 1.4343
1305031102.9900 1.1481 0.3112 1.4316
1305031103.0000 1.1461 0.3110 1.4288
1305031103.0100 1.1442 0.3109 1.4261
1305031103.0200 1.1424 0.3108 1.4233
1305031103.0300 1.1406 0.3107 1.4205
1305031103.0400 1.1389 0.3106 1.4178
1305031103.0500 1.1372 0.3106 1.4151
1305031103.0600 1.1355 0.3105 1.4125
1305031103.0700 1.1339 0.3105 1.4102
1305031103.0800 1.1322 0.3105 1.4078
1305031103.0900 1.1305 0.3104 1.4053
1305031103.1000 1.1288 0.3104 1.4027
1305031103.1100 1.1273 0.3104 1.4003
1305031103.1200 1.1257 0.3103 1.3979
1305031103.1300 1.1242 0.3104 1.3954
1305031103.1400 1.1227 0.3104 1.3930
1305031103.1500 1.1211 0.3104 1.3906
1305031103.1600 1.1195 0.3104 1.3883
1305031103.1700 1.1180 0.3104 1.3860
1305031103.1800 1.1165 0.3105 1.3836
1305031103.1900 1.1151 0.3105 1.3812
1305031103.2000 1.1137 0.3105 1.3788
1305031103.2100 1.1123 0.3106 1.3765
1305031103.2200 1.1110 0.3106 1.3741
1305031103.2300 1.1098 0.3107 1.3720
1305031103.2400 1.1086 0.3109 1.3699
1305031103.2500 1.1075 0.3109 1.3679
1305031103.2600 1.1063 0.3110 1.3660
1305031103.2700 1.1054 0.3110 1.3645
1305031103.2800 1.1045 0.3110 1.3629
1305031103.2900 1.1038 0.3111 1.3618
1305031103.3000 1.1030 0.3111 1.3606
1305031103.3100 1.1025 0.3111 1.3599
1305031103.3200 1.1019 0.3111 1.3591
1305031103.3300 1.1016 0.3112 1.3588
1305031103.3400 1.1012 0.3113 1.3585
1305031103.3500 1.1009 0.3115 1.3583
1305031103.3600 1.1006 0.3116 1.3581
1305031103.3700 1.1005 0.3118 1.3583
1305031103.3800 1.1003 0.3119 1.3585
1305031103.3900 1.1005 0.3119 1.3590
1305031103.4000 1.1007 0.3120 1.3596
1305031103.4100 1.1009 0.3120 1.3605
1305031103.4200 1.1011 0.3120 1.3615
1305031103.4300 1.1016 0.3120 1.3625
1305031103.4400 1.1021 0.3119 1.3636
1305031103.4500 1.1028 0.3119 1.3651
1305031103.4600 1.1035 0.3118 1.3665
1305031103.4700 1.1043 0.3117 1.3682
1305031103.4800 1.1052 0.3116 1.3699
1305031103.4900 1.1061 0.3115 1.3719
1305031103.5000 1.1071 0.3115 1.3739
1305031103.5100 1.1083 0.3114 1.3762
1305031103.5200 1.1096 0.3114 1.3785
1305031103.5300 1.1107 0.3113 1.3809
1305031103.5400 1.1118 0.3113 1.3833
1305031103.5500 1.1131 0.3113 1.3860
1305031103.5600 1.1144 0.3113 1.3886
1305031103.5700 1.1158 0.3113 1.3914
1305031103.5800 1.1172 0.3113 1.3941
1305031103.5900 1.1188 0.3112 1.3970
1305031103.6000 1.1204 0.3112 1.3999
1305031103.6100 1.1220 0.3112 1.4028
1305031103.6200 1.1235 0.3111 1.4058
1305031103.6300 1.1252 0.3111 1.4089
1305031103.6400 1.1268 0.3111 1.4119
1305031103.6500 1.1284 0.3111 1.4151
1305031103.6600 1.1300 0.3110 1.4183
1305031103.6700 1.1319 0.3111 1.4216
1305031103.6800 1.1337 0.3111 1.4249
1305031103.6900 1.1355 0.3112 1.4282
1305031103.7000 1.1372 0.3113 1.4315
1305031103.7100 1.1392 0.3114 1.4348
1305031103.7200 1.1411 0.3115 1.4382
1305031103.7300 1.1431 0.3115 1.4419
1305031103.7400 1.1452 0.3115 1.4455
1305031103.7500 1.1473 0.3116 1.4491
1305031103.7600 1.1493 0.3116 1.4527
1305031103.7700 1.1514 0.3117 1.4563
1305031103.7800 1.1535 0.3118 1.4598
1305031103.7900 1.1558 0.3119 1.4634
1305031103.8000 1.1581 0.3120 1.4670
1305031103.8100 1.1604 0.3120 1.4705
1305031103.8200 1.1627 0.3120 1.4740
1305031103.8300 1.1648 0.3120 1.4773
1305031103.8400 1.1670 0.3119 1.4806
1305031103.8500 1.1695 0.3119 1.4840
1305031103.8600 1.1720 0.3119 1.4874
1305031103.8700 1.1744 0.3119 1.4910
1305031103.8800 1.1769 0.3118 1.4946
1305031103.8900 1.1795 0.3118 1.4983
1305031103.9000 1.1821 0.3118 1.5020
1305031103.9100 1.1846 0.3117 1.5057
1305031103.9200 1.1871 0.3116 1.5095
1305031103.9300 1.1898 0.3116 1.5131
1305031103.9400 1.1924 0.3116 1.5168
1305031103.9500 1.1950 0.3116 1.5204
1305031103.9600 1.1976 0.3116 1.5241
1305031103.9700 1.2005 0.3116 1.5280
1305031103.9800 1.2033 0.3116 1.5320
1305031103.9900 1.2061 0.3117 1.5358
1305031104.0000 1.2089 0.3118 1.5396
1305031104.0100 1.2113 0.3119 1.5433
1305031104.0200 1.2138 0.3120 1.5471
1305031104.0300 1.2164 0.3121 1.5509
1305031104.0400 1.2190 0.3123 1.5547
1305031104.0500 1.2214 0.3124 1.5583
1305031104.0600 1.2239 0.3125 1.5619
1305031104.0700 1.2266 0.3127 1.5655
1305031104.0800 1.2292 0.3129 1.5690
1305031104.0900 1.2316 0.3130 1.5726
1305031104.1000 1.2340 0.3131 1.5761
1305031104.1100 1.2365 0.3134 1.5796
1305031104.1200 1.2390 0.3135 1.5830
1305031104.1300 1.2414 0.3137 1.5865
1305031104.1400 1.2437 0.3137 1.5899
1305031104.1500 1.2462 0.3139 1.5933
1305031104.1600 1.2486 0.3140 1.5966
1305031104.1700 1.2510 0.3141 1.5999
1305031104.1800 1.2535 0.3142 1.6032
1305031104.1900 1.2560 0.3143 1.6064
1305031104.2000 1.2585 0.3143 1.6096
1305031104.2100 1.2611 0.3144 1.6129
1305031104.2200 1.2636 0.3145 1.6161
1305031104.2300 1.2660 0.3145 1.6193
1305031104.2400 1.2684 0.3145 1.6224
1305031104.2500 1.2706 0.3145 1.6254
1305031104.2600 1.2729 0.3144 1.6284
1305031104.2700 1.2752 0.3144 1.6313
1305031104.2800 1.2775 0.3144 1.6341
1305031104.2900 1.2797 0.3144 1.6369
1305031104.3000 1.2820 0.3144 1.6397
1305031104.3100 1.2843 0.3143 1.6424
1305031104.3200 1.2866 0.3143 1.6451
1305031104.3300 1.2889 0.3143 1.6476
1305031104.3400 1.2911 0.3142 1.6501
1305031104.3500 1.2929 0.3141 1.6525
1305031104.3600 1.2947 0.3140 1.6549
1305031104.3700 1.2968 0.3140 1.6572
1305031104.3800 1.2990 0.3140 1.6596
1305031104.3900 1.3010 0.3139 1.6618
1305031104.4000 1.3029 0.3137 1.6639
1305031104.4100 1.3051 0.3136 1.6661
1305031104.4200 1.3074 0.3135 1.6683
1305031104.4300 1.3096 0.3133 1.6704
1305031104.4400 1.3119 0.3131 1.6725
1305031104.4500 1.3138 0.3130 1.6744
1305031104.4600 1.3156 0.3128 1.6764
1305031104.4700 1.3176 0.3125 1.6784
1305031104.4800 1.3197 0.3123 1.6804
1305031104.4900 1.3218 0.3121 1.6824
1305031104.5000 1.3239 0.3119 1.6843
1305031104.5100 1.3260 0.3116 1.6863
1305031104.5200 1.3282 0.3114 1.6883
1305031104.5300 1.3301 0.3112 1.6904
1305031104.5400 1.3320 0.3110 1.6925
1305031104.5500 1.3346 0.3108 1.6946
1305031104.5600 1.3371 0.3107 1.6967
1305031104.5700 1.3394 0.3106 1.6988
1305031104.5800 1.3416 0.3105 1.7009
1305031104.5900 1.3439 0.3104 1.7035
1305031104.6000 1.3462 0.3103 1.7060
1305031104.6100 1.3487 0.3104 1.7084
1305031104.6200 1.3511 0.3104 1.7107
1305031104.6300 1.3535 0.3104 1.7130
1305031104.6400 1.3558 0.3104 1.7152
1305031104.6500 1.3582 0.3105 1.7175
1305031104.6600 1.3607 0.3105 1.7198
1305031104.6700 1.3631 0.3106 1.7220
1305031104.6800 1.3655 0.3107 1.7242
1305031104.6900 1.3679 0.3108 1.7263
1305031104.7000 1.3704 0.3110 1.7284
1305031104.7100 1.3723 0.3111 1.7304
1305031104.7200 1.3742 0.3113 1.7325
1305031104.7300 1.3764 0.3115 1.7345
1305031104.7400 1.3786 0.3117 1.7364
1305031104.7500 1.3805 0.3119 1.7381
1305031104.7600 1.3824 0.3121 1.7398
1305031104.7700 1.3845 0.3125 1.7413
1305031104.7800 1.3866 0.3127 1.7429
1305031104.7900 1.3881 0.3131 1.7443
1305031104.8000 1.3897 0.3134 1.7458
1305031104.8100 1.3913 0.3137 1.7470
1305031104.8200 1.3929 0.3140 1.7481
1305031104.8300 1.3941 0.3144 1.7491
1305031104.8400 1.3952 0.3147 1.7501
1305031104.8500 1.3962 0.3151 1.7508
1305031104.8600 1.3971 0.3154 1.7514
1305031104.8700 1.3979 0.3157 1.7517
1305031104.8800 1.3987 0.3160 1.7521
1305031104.8900 1.3990 0.3163 1.7521
1305031104.9000 1.3993 0.3165 1.7522
1305031104.9100 1.3994 0.3168 1.7521
1305031104.9200 1.3995 0.3172 1.7519
1305031104.9300 1.3991 0.3174 1.7514
1305031104.9400 1.3986 0.3176 1.7510
1305031104.9500 1.3981 0.3177 1.7504
1305031104.9600 1.3976 0.3179 1.7499
1305031104.9700 1.3968 0.3181 1.7489
1305031104.9800 1.3960 0.3183 1.7479
1305031104.9900 1.3947 0.3184 1.7466
1305031105.0000 1.3935 0.3185 1.7452
1305031105.0100 1.3920 0.3186 1.7437
1305031105.0200 1.3905 0.3187 1.7422
1305031105.0300 1.3889 0.3187 1.7404
1305031105.0400 1.3872 0.3187 1.7386
1305031105.0500 1.3851 0.3187 1.7366
1305031105.0600 1.3829 0.3187 1.7347
1305031105.0700 1.3809 0.3186 1.7325
1305031105.0800 1.3788 0.3185 1.7304
1305031105.0900 1.3764 0.3184 1.7282
1305031105.1000 1.3740 0.3183 1.7260
1305031105.1100 1.3715 0.3181 1.7236
1305031105.1200 1.3690 0.3179 1.7212
1305031105.1300 1.3663 0.3176 1.7185
1305031105.1400 1.3636 0.3174 1.7158
1305031105.1500 1.3606 0.3172 1.7128
1305031105.1600 1.3577 0.3170 1.7099
1305031105.1700 1.3547 0.3166 1.7068
1305031105.1800 1.3518 0.3162 1.7038
1305031105.1900 1.3486 0.3160 1.7007
1305031105.2000 1.3455 0.3157 1.6976
1305031105.2100 1.3423 0.3155 1.6946
1305031105.2200 1.3392 0.3152 1.6917
1305031105.2300 1.3361 0.3148 1.6886
1305031105.2400 1.3330 0.3145 1.6856
1305031105.2500 1.3296 0.3141 1.6822
1305031105.2600 1.3262 0.3137 1.6788
1305031105.2700 1.3233 0.3134 1.6756
1305031105.2800 1.3204 0.3130 1.6724
1305031105.2900 1.3175 0.3127 1.6693
1305031105.3000 1.3146 0.3125 1.6662
1305031105.3100 1.3116 0.3121 1.6631
1305031105.3200 1.3087 0.3118 1.6601
1305031105.3300 1.3057 0.3115 1.6570
1305031105.3400 1.3028 0.3111 1.6540
1305031105.3500 1.2999 0.3109 1.6511
1305031105.3600 1.2970 0.3106 1.6483
1305031105.3700 1.2942 0.3104 1.6455
1305031105.3800 1.2914 0.3101 1.6426
1305031105.3900 1.2887 0.3099 1.6397
1305031105.4000 1.2860 0.3096 1.6368
1305031105.4100 1.2829 0.3094 1.6336
1305031105.4200 1.2797 0.3091 1.6304
1305031105.4300 1.2768 0.3090 1.6274
1305031105.4400 1.2739 0.3088 1.6244
1305031105.4500 1.2711 0.3086 1.6216
1305031105.4600 1.2683 0.3084 1.6188
1305031105.4700 1.2655 0.3083 1.6159
1305031105.4800 1.2627 0.3083 1.6129
1305031105.4900 1.2600 0.3081 1.6100
1305031105.5000 1.2573 0.3080 1.6071
1305031105.5100 1.2544 0.3080 1.6041
1305031105.5200 1.2514 0.3079 1.6012
1305031105.5300 1.2486 0.3079 1.5983
1305031105.5400 1.2457 0.3078 1.5954
1305031105.5500 1.2429 0.3078 1.5925
1305031105.5600 1.2401 0.3078 1.5896
1305031105.5700 1.2370 0.3078 1.5865
1305031105.5800 1.2340 0.3078 1.5835
1305031105.5900 1.2311 0.3078 1.5805
1305031105.6000 1.2283 0.3078 1.5775
1305031105.6100 1.2254 0.3079 1.5745
1305031105.6200 1.2225 0.3080 1.5716
1305031105.6300 1.2195 0.3080 1.5684
1305031105.6400 1.2165 0.3080 1.5653
1305031105.6500 1.2136 0.3082 1.5621
1305031105.6600 1.2107 0.3083 1.5589
1305031105.6700 1.2078 0.3084 1.5557
1305031105.6800 1.2048 0.3085 1.5525
1305031105.6900 1.2020 0.3086 1.5493
1305031105.7000 1.1991 0.3089 1.5461
1305031105.7100 1.1962 0.3091 1.5430
1305031105.7200 1.1932 0.3093 1.5399
1305031105.7300 1.1903 0.3095 1.5366
1305031105.7400 1.1873 0.3097 1.5332
1305031105.7500 1.1843 0.3099 1.5299
1305031105.7600 1.1813 0.3102 1.5266
1305031105.7700 1.1784 0.3105 1.5233
1305031105.7800 1.1754 0.3109 1.5201
1305031105.7900 1.1725 0.3113 1.5169
1305031105.8000 1.1696 0.3116 1.5136
1305031105.8100 1.1666 0.3120 1.5103
1305031105.8200 1.1637 0.3124 1.5069
1305031105.8300 1.1609 0.3127 1.5035
1305031105.8400 1.1581 0.3130 1.5002
1305031105.8500 1.1554 0.3135 1.4969
1305031105.8600 1.1527 0.3139 1.4935
1305031105.8700 1.1501 0.3142 1.4901
1305031105.8800 1.1474 0.3146 1.4866
1305031105.8900 1.1450 0.3150 1.4832
1305031105.9000 1.1427 0.3155 1.4798
1305031105.9100 1.1403 0.3158 1.4764
1305031105.9200 1.1379 0.3161 1.4730
1305031105.9300 1.1355 0.3164 1.4697
1305031105.9400 1.1330 0.3166 1.4663
1305031105.9500 1.1309 0.3169 1.4628
1305031105.9600 1.1288 0.3171 1.4594
1305031105.9700 1.1267 0.3173 1.4559
1305031105.9800 1.1246 0.3175 1.4524
1305031105.9900 1.1225 0.3177 1.4490
1305031106.0000 1.1203 0.3179 1.4457
1305031106.0100 1.1184 0.3180 1.4424
1305031106.0200 1.1165 0.3181 1.4390
1305031106.0300 1.1145 0.3183 1.4358
1305031106.0400 1.1124 0.3185 1.4326
1305031106.0500 1.1105 0.3185 1.4293
1305031106.0600 1.1086 0.3185 1.4259
1305031106.0700 1.1069 0.3185 1.4227
1305031106.0800 1.1051 0.3186 1.4195
1305031106.0900 1.1032 0.3186 1.4164
1305031106.1000 1.1013 0.3185 1.4133
1305031106.1100 1.0995 0.3185 1.4101
1305031106.1200 1.0977 0.3184 1.4069
1305031106.1300 1.0961 0.3183 1.4039
1305031106.1400 1.0946 0.3182 1.4010
1305031106.1500 1.0927 0.3181 1.3982
1305031106.1600 1.0908 0.3180 1.3953
1305031106.1700 1.0897 0.3178 1.3928
1305031106.1800 1.0886 0.3176 1.3903
1305031106.1900 1.0871 0.3175 1.3878
1305031106.2000 1.0855 0.3175 1.3853
1305031106.2100 1.0844 0.3174 1.3830
1305031106.2200 1.0833 0.3172 1.3807
1305031106.2300 1.0821 0.3171 1.3785
1305031106.2400 1.0810 0.3170 1.3763
1305031106.2500 1.0798 0.3169 1.3742
1305031106.2600 1.0787 0.3167 1.3721
1305031106.2700 1.0777 0.3167 1.3700
1305031106.2800 1.0767 0.3166 1.3680
1305031106.2900 1.0758 0.3166 1.3661
1305031106.3000 1.0749 0.3165 1.3642
1305031106.3100 1.0741 0.3165 1.3626
1305031106.3200 1.0733 0.3165 1.3610
1305031106.3300 1.0728 0.3163 1.3597
1305031106.3400 1.0723 0.3162 1.3583
1305031106.3500 1.0717 0.3161 1.3571
1305031106.3600 1.0712 0.3160 1.3558
1305031106.3700 1.0710 0.3159 1.3551
1305031106.3800 1.0707 0.3158 1.3544
1305031106.3900 1.0708 0.3158 1.3542
1305031106.4000 1.0709 0.3157 1.3540
1305031106.4100 1.0711 0.3157 1.3542
1305031106.4200 1.0713 0.3156 1.3544
1305031106.4300 1.0719 0.3156 1.3551
1305031106.4400 1.0726 0.3156 1.3558
1305031106.4500 1.0731 0.3155 1.3567
1305031106.4600 1.0736 0.3155 1.3576
1305031106.4700 1.0745 0.3154 1.3590
1305031106.4800 1.0754 0.3154 1.3603
1305031106.4900 1.0765 0.3154 1.3620
1305031106.5000 1.0776 0.3154 1.3638
1305031106.5100 1.0789 0.3153 1.3659
1305031106.5200 1.0802 0.3151 1.3681
1305031106.5300 1.0816 0.3150 1.3704
1305031106.5400 1.0829 0.3150 1.3727
1305031106.5500 1.0845 0.3148 1.3754
1305031106.5600 1.0862 0.3147 1.3780
1305031106.5700 1.0878 0.3146 1.3807
1305031106.5800 1.0895 0.3145 1.3834
1305031106.5900 1.0913 0.3144 1.3861
1305031106.6000 1.0930 0.3142 1.3889
1305031106.6100 1.0949 0.3141 1.3919
1305031106.6200 1.0968 0.3140 1.3948
1305031106.6300 1.0989 0.3138 1.3980
1305031106.6400 1.1010 0.3136 1.4011
1305031106.6500 1.1033 0.3135 1.4044
1305031106.6600 1.1055 0.3134 1.4077
1305031106.6700 1.1080 0.3132 1.4111
1305031106.6800 1.1105 0.3131 1.4145
1305031106.6900 1.1131 0.3129 1.4178
1305031106.7000 1.1157 0.3127 1.4210
1305031106.7100 1.1182 0.3126 1.4244
1305031106.7200 1.1207 0.3125 1.4279
1305031106.7300 1.1234 0.3124 1.4314
1305031106.7400 1.1261 0.3122 1.4348
1305031106.7500 1.1288 0.3121 1.4384
1305031106.7600 1.1315 0.3120 1.4420
1305031106.7700 1.1344 0.3119 1.4457
1305031106.7800 1.1374 0.3118 1.4493
1305031106.7900 1.1404 0.3117 1.4530
1305031106.8000 1.1434 0.3116 1.4567
1305031106.8100 1.1463 0.3115 1.4604
1305031106.8200 1.1492 0.3113 1.4640
1305031106.8300 1.1522 0.3111 1.4678
1305031106.8400 1.1553 0.3109 1.4717
1305031106.8500 1.1585 0.3108 1.4759
1305031106.8600 1.1618 0.3107 1.4801
1305031106.8700 1.1649 0.3105 1.4842
1305031106.8800 1.1680 0.3104 1.4884
1305031106.8900 1.1715 0.3102 1.4926
1305031106.9000 1.1749 0.3100 1.4967
1305031106.9100 1.1781 0.3098 1.5008
1305031106.9200 1.1813 0.3095 1.5049
1305031106.9300 1.1845 0.3094 1.5091
1305031106.9400 1.1878 0.3092 1.5133
1305031106.9500 1.1912 0.3090 1.5176
1305031106.9600 1.1946 0.3089 1.5219
1305031106.9700 1.1979 0.3088 1.5263
1305031106.9800 1.2012 0.3086 1.5306
1305031106.9900 1.2044 0.3085 1.5347
1305031107.0000 1.2076 0.3084 1.5389
1305031107.0100 1.2108 0.3083 1.5429
1305031107.0200 1.2140 0.3081 1.5470
1305031107.0300 1.2172 0.3080 1.5509
1305031107.0400 1.2205 0.3079 1.5548
1305031107.0500 1.2234 0.3077 1.5588
1305031107.0600 1.2264 0.3075 1.5628
1305031107.0700 1.2294 0.3074 1.5669
1305031107.0800 1.2324 0.3074 1.5710
1305031107.0900 1.2353 0.3072 1.5747
1305031107.1000 1.2383 0.3071 1.5784
1305031107.1100 1.2413 0.3070 1.5820
1305031107.1200 1.2443 0.3070 1.5856
1305031107.1300 1.2473 0.3070 1.5891
1305031107.1400 1.2502 0.3070 1.5925
1305031107.1500 1.2530 0.3069 1.5959
1305031107.1600 1.2558 0.3069 1.5993
1305031107.1700 1.2585 0.3068 1.6027
1305031107.1800 1.2611 0.3067 1.6061
1305031107.1900 1.2638 0.3068 1.6095
1305031107.2000 1.2665 0.3069 1.6128
1305031107.2100 1.2693 0.3069 1.6162
1305031107.2200 1.2721 0.3069 1.6197
1305031107.2300 1.2744 0.3070 1.6227
1305031107.2400 1.2768 0.3070 1.6257
1305031107.2500 1.2794 0.3071 1.6287
1305031107.2600 1.2820 0.3071 1.6317
1305031107.2700 1.2846 0.3072 1.6348
1305031107.2800 1.2872 0.3073 1.6379
1305031107.2900 1.2898 0.3074 1.6409
1305031107.3000 1.2925 0.3075 1.6439
1305031107.3100 1.2946 0.3076 1.6467
1305031107.3200 1.2967 0.3078 1.6496
1305031107.3300 1.2988 0.3079 1.6524
1305031107.3400 1.3009 0.3081 1.6552
1305031107.3500 1.3029 0.3084 1.6577
1305031107.3600 1.3048 0.3086 1.6602
1305031107.3700 1.3068 0.3089 1.6625
1305031107.3800 1.3088 0.3091 1.6648
1305031107.3900 1.3102 0.3095 1.6669
1305031107.4000 1.3117 0.3098 1.6689
1305031107.4100 1.3130 0.3102 1.6707
1305031107.4200 1.3142 0.3106 1.6725
1305031107.4300 1.3148 0.3110 1.6739
1305031107.4400 1.3154 0.3115 1.6753
1305031107.4500 1.3162 0.3120 1.6766
1305031107.4600 1.3171 0.3125 1.6779
1305031107.4700 1.3173 0.3131 1.6787
1305031107.4800 1.3174 0.3136 1.6796
1305031107.4900 1.3180 0.3143 1.6804
1305031107.5000 1.3187 0.3149 1.6812
1305031107.5100 1.3186 0.3155 1.6814
1305031107.5200 1.3185 0.3161 1.6816
1305031107.5300 1.3185 0.3167 1.6818
1305031107.5400 1.3185 0.3173 1.6820
1305031107.5500 1.3188 0.3179 1.6822
1305031107.5600 1.3190 0.3184 1.6823
1305031107.5700 1.3190 0.3189 1.6822
1305031107.5800 1.3189 0.3195 1.6821
1305031107.5900 1.3185 0.3198 1.6817
1305031107.6000 1.3180 0.3202 1.6812
1305031107.6100 1.3180 0.3206 1.6806
1305031107.6200 1.3180 0.3210 1.6801
1305031107.6300 1.3179 0.3212 1.6793
1305031107.6400 1.3179 0.3214 1.6785
1305031107.6500 1.3179 0.3215 1.6778
1305031107.6600 1.3179 0.3217 1.6771
1305031107.6700 1.3178 0.3218 1.6762
1305031107.6800 1.3176 0.3220 1.6753
1305031107.6900 1.3175 0.3220 1.6744
1305031107.7000 1.3174 0.3221 1.6734
1305031107.7100 1.3174 0.3221 1.6724
1305031107.7200 1.3174 0.3221 1.6715
1305031107.7300 1.3173 0.3221 1.6704
1305031107.7400 1.3172 0.3221 1.6694
1305031107.7500 1.3172 0.3220 1.6686
1305031107.7600 1.3172 0.3219 1.6678
1305031107.7700 1.3168 0.3218 1.6668
1305031107.7800 1.3164 0.3217 1.6659
1305031107.7900 1.3163 0.3217 1.6652
1305031107.8000 1.3163 0.3216 1.6645
1305031107.8100 1.3162 0.3216 1.6637
1305031107.8200 1.3161 0.3216 1.6629
1305031107.8300 1.3159 0.3216 1.6622
1305031107.8400 1.3157 0.3216 1.6614
1305031107.8500 1.3154 0.3217 1.6607
1305031107.8600 1.3150 0.3219 1.6601
1305031107.8700 1.3148 0.3220 1.6596
1305031107.8800 1.3145 0.3221 1.6591
1305031107.8900 1.3144 0.3224 1.6585
1305031107.9000 1.3142 0.3227 1.6579
1305031107.9100 1.3143 0.3232 1.6575
1305031107.9200 1.3144 0.3237 1.6570
1305031107.9300 1.3137 0.3244 1.6564
1305031107.9400 1.3131 0.3250 1.6559
1305031107.9500 1.3127 0.3258 1.6555
1305031107.9600 1.3124 0.3266 1.6550
1305031107.9700 1.3120 0.3276 1.6545
1305031107.9800 1.3116 0.3286 1.6540
1305031107.9900 1.3111 0.3297 1.6536
1305031108.0000 1.3105 0.3308 1.6531
1305031108.0100 1.3101 0.3322 1.6525
1305031108.0200 1.3097 0.3335 1.6520
1305031108.0300 1.3091 0.3350 1.6513
1305031108.0400 1.3085 0.3366 1.6507
1305031108.0500 1.3078 0.3382 1.6502
1305031108.0600 1.3072 0.3398 1.6496
1305031108.0700 1.3066 0.3416 1.6490
1305031108.0800 1.3061 0.3434 1.6484
1305031108.0900 1.3054 0.3451 1.6479
1305031108.1000 1.3048 0.3468 1.6473
1305031108.1100 1.3043 0.3487 1.6469
1305031108.1200 1.3037 0.3505 1.6464
1305031108.1300 1.3029 0.3524 1.6457
1305031108.1400 1.3022 0.3543 1.6451
1305031108.1500 1.3016 0.3563 1.6444
1305031108.1600 1.3010 0.3583 1.6438
1305031108.1700 1.3002 0.3601 1.6431
1305031108.1800 1.2994 0.3620 1.6423
1305031108.1900 1.2989 0.3640 1.6415
1305031108.2000 1.2984 0.3660 1.6407
1305031108.2100 1.2978 0.3680 1.6401
1305031108.2200 1.2973 0.3699 1.6394
1305031108.2300 1.2969 0.3718 1.6387
1305031108.2400 1.2965 0.3737 1.6380
1305031108.2500 1.2963 0.3757 1.6373
1305031108.2600 1.2960 0.3777 1.6366
1305031108.2700 1.2956 0.3796 1.6358
1305031108.2800 1.2952 0.3815 1.6350
1305031108.2900 1.2948 0.3833 1.6341
1305031108.3000 1.2944 0.3851 1.6331
1305031108.3100 1.2943 0.3870 1.6321
1305031108.3200 1.2942 0.3888 1.6311
1305031108.3300 1.2940 0.3906 1.6302
1305031108.3400 1.2939 0.3925 1.6293
1305031108.3500 1.2936 0.3942 1.6282
1305031108.3600 1.2933 0.3961 1.6272
1305031108.3700 1.2932 0.3978 1.6262
1305031108.3800 1.2931 0.3997 1.6251
1305031108.3900 1.2931 0.4015 1.6241
1305031108.4000 1.2930 0.4033 1.6231
1305031108.4100 1.2929 0.4051 1.6223
1305031108.4200 1.2928 0.4069 1.6215
1305031108.4300 1.2928 0.4087 1.6205
1305031108.4400 1.2928 0.4106 1.6196
1305031108.4500 1.2929 0.4124 1.6189
1305031108.4600 1.2931 0.4143 1.6181
1305031108.4700 1.2932 0.4162 1.6174
1305031108.4800 1.2933 0.4180 1.6166
1305031108.4900 1.2934 0.4199 1.6161
1305031108.5000 1.2936 0.4219 1.6156
1305031108.5100 1.2937 0.4237 1.6151
1305031108.5200 1.2938 0.4256 1.6146
1305031108.5300 1.2940 0.4275 1.6143
1305031108.5400 1.2942 0.4294 1.6140
1305031108.5500 1.2946 0.4313 1.6136
1305031108.5600 1.2950 0.4332 1.6132
1305031108.5700 1.2950 0.4351 1.6126
1305031108.5800 1.2951 0.4370 1.6121
1305031108.5900 1.2952 0.4390 1.6116
1305031108.6000 1.2952 0.4409 1.6110
1305031108.6100 1.2952 0.4429 1.6105
1305031108.6200 1.2951 0.4449 1.6099
1305031108.6300 1.2952 0.4468 1.6094
1305031108.6400 1.2953 0.4486 1.6090
1305031108.6500 1.2954 0.4505 1.6083
1305031108.6600 1.2956 0.4523 1.6076
1305031108.6700 1.2959 0.4542 1.6071
1305031108.6800 1.2961 0.4561 1.6065
1305031108.6900 1.2961 0.4579 1.6059
1305031108.7000 1.2961 0.4597 1.6054
1305031108.7100 1.2965 0.4614 1.6051
1305031108.7200 1.2970 0.4630 1.6048
1305031108.7300 1.2970 0.4647 1.6046
1305031108.7400 1.2970 0.4663 1.6044
1305031108.7500 1.2973 0.4677 1.6042
1305031108.7600 1.2975 0.4692 1.6041
1305031108.7700 1.2977 0.4706 1.6038
1305031108.7800 1.2979 0.4721 1.6036
1305031108.7900 1.2982 0.4733 1.6035
1305031108.8000 1.2985 0.4746 1.6035
1305031108.8100 1.2992 0.4756 1.6036
1305031108.8200 1.2998 0.4767 1.6037
1305031108.8300 1.3001 0.4776 1.6039
1305031108.8400 1.3004 0.4785 1.6041
1305031108.9500 1.3063 0.4799 1.6102
1305031108.9600 1.3068 0.4800 1.6108
1305031108.9700 1.3073 0.4794 1.6112
1305031108.9800 1.3078 0.4788 1.6117
1305031108.9900 1.3081 0.4781 1.6120
1305031109.0000 1.3083 0.4774 1.6124
1305031109.0100 1.3088 0.4766 1.6130
1305031109.0200 1.3093 0.4758 1.6135
1305031109.0300 1.3095 0.4748 1.6139
1305031109.0400 1.3096 0.4737 1.6142
1305031109.0500 1.3098 0.4726 1.6145
1305031109.0600 1.3099 0.4714 1.6147
1305031109.0700 1.3099 0.4702 1.6148
1305031109.0800 1.3099 0.4690 1.6149
1305031109.0900 1.3101 0.4677 1.6151
1305031109.1000 1.3103 0.4663 1.6152
1305031109.1100 1.3102 0.4648 1.6153
1305031109.1200 1.3102 0.4633 1.6154
1305031109.1300 1.3104 0.4617 1.6157
1305031109.1400 1.3105 0.4601 1.6160
1305031109.1500 1.3106 0.4584 1.6160
1305031109.1600 1.3107 0.4567 1.6160
1305031109.1700 1.3106 0.4549 1.6159
1305031109.1800 1.3104 0.4531 1.6158
1305031109.1900 1.3104 0.4513 1.6154
1305031109.2000 1.3104 0.4495 1.6150
1305031109.2100 1.3105 0.4477 1.6147
1305031109.2200 1.3106 0.4459 1.6143
1305031109.2300 1.3107 0.4440 1.6139
1305031109.2400 1.3108 0.4420 1.6136
1305031109.2500 1.3107 0.4401 1.6134
1305031109.2600 1.3106 0.4381 1.6132
1305031109.2700 1.3106 0.4361 1.6132
1305031109.2800 1.3105 0.4341 1.6133
1305031109.2900 1.3106 0.4320 1.6134
1305031109.3000 1.3106 0.4299 1.6135
1305031109.3100 1.3104 0.4276 1.6134
1305031109.3200 1.3102 0.4254 1.6133
1305031109.3300 1.3102 0.4233 1.6132
1305031109.3400 1.3101 0.4210 1.6131
1305031109.3500 1.3101 0.4189 1.6131
1305031109.3600 1.3101 0.4167 1.6131
1305031109.3700 1.3100 0.4144 1.6131
1305031109.3800 1.3098 0.4122 1.6131
1305031109.3900 1.3099 0.4100 1.6132
1305031109.4000 1.3100 0.4078 1.6134
1305031109.4100 1.3098 0.4055 1.6133
1305031109.4200 1.3097 0.4032 1.6132
1305031109.4300 1.3098 0.4011 1.6132
1305031109.4400 1.3100 0.3989 1.6133
1305031109.4500 1.3100 0.3967 1.6134
1305031109.4600 1.3100 0.3945 1.6136
1305031109.4700 1.3100 0.3923 1.6139
1305031109.4800 1.3101 0.3901 1.6141
1305031109.4900 1.3105 0.3880 1.6144
1305031109.5000 1.3109 0.3858 1.6147
1305031109.5100 1.3110 0.3837 1.6151
1305031109.5200 1.3112 0.3816 1.6156
1305031109.5300 1.3115 0.3795 1.6160
1305031109.5400 1.3118 0.3774 1.6164
1305031109.5500 1.3120 0.3754 1.6168
1305031109.5600 1.3122 0.3734 1.6172
1305031109.5700 1.3124 0.3713 1.6174
1305031109.5800 1.3126 0.3692 1.6177
1305031109.5900 1.3127 0.3672 1.6179
1305031109.6000 1.3128 0.3651 1.6182
1305031109.6100 1.3131 0.3632 1.6185
1305031109.6200 1.3134 0.3613 1.6187
1305031109.6300 1.3137 0.3594 1.6188
1305031109.6400 1.3139 0.3575 1.6188
1305031109.6500 1.3140 0.3556 1.6187
1305031109.6600 1.3142 0.3537 1.6186
1305031109.6700 1.3141 0.3518 1.6185
1305031109.6800 1.3140 0.3498 1.6183
1305031109.6900 1.3140 0.3478 1.6180
1305031109.7000 1.3141 0.3458 1.6177
1305031109.7100 1.3142 0.3438 1.6174
1305031109.7200 1.3142 0.3418 1.6170
1305031109.7300 1.3140 0.3398 1.6166
1305031109.7400 1.3137 0.3378 1.6161
1305031109.7500 1.3135 0.3358 1.6157
1305031109.7600 1.3134 0.3338 1.6152
1305031109.7700 1.3131 0.3318 1.6149
1305031109.7800 1.3129 0.3299 1.6146
1305031109.7900 1.3125 0.3278 1.6141
1305031109.8000 1.3122 0.3258 1.6137
1305031109.8100 1.3119 0.3237 1.6132
1305031109.8200 1.3115 0.3217 1.6126
1305031109.8300 1.3112 0.3196 1.6119
1305031109.8400 1.3109 0.3176 1.6113
1305031109.8500 1.3105 0.3155 1.6107
1305031109.8600 1.3100 0.3134 1.6101
1305031109.8700 1.3092 0.3112 1.6093
1305031109.8800 1.3083 0.3090 1.6084
1305031109.8900 1.3077 0.3068 1.6077
1305031109.9000 1.3071 0.3046 1.6070
1305031109.9100 1.3066 0.3024 1.6063
1305031109.9200 1.3061 0.3003 1.6057
1305031109.9300 1.3053 0.2981 1.6048
1305031109.9400 1.3045 0.2959 1.6040
1305031109.9500 1.3041 0.2937 1.6033
1305031109.9600 1.3037 0.2915 1.6025
1305031109.9700 1.3027 0.2894 1.6016
1305031109.9800 1.3017 0.2872 1.6007
1305031109.9900 1.3012 0.2851 1.5999
1305031110.0000 1.3006 0.2829 1.5991
1305031110.0100 1.2997 0.2808 1.5983
1305031110.0200 1.2989 0.2786 1.5975
1305031110.0300 1.2980 0.2765 1.5966
1305031110.0400 1.2971 0.2745 1.5958
1305031110.0500 1.2965 0.2725 1.5951
1305031110.0600 1.2960 0.2705 1.5944
1305031110.0700 1.2953 0.2685 1.5936
1305031110.0800 1.2946 0.2665 1.5928
1305031110.0900 1.2939 0.2646 1.5920
1305031110.1000 1.2933 0.2626 1.5912
1305031110.1100 1.2926 0.2608 1.5906
1305031110.1200 1.2919 0.2590 1.5900
1305031110.1300 1.2912 0.2571 1.5894
1305031110.1400 1.2906 0.2553 1.5888
1305031110.1500 1.2902 0.2536 1.5882
1305031110.1600 1.2898 0.2518 1.5877
1305031110.1700 1.2893 0.2500 1.5871
1305031110.1800 1.2888 0.2482 1.5865
1305031110.1900 1.2885 0.2465 1.5860
1305031110.2000 1.2882 0.2448 1.5855
1305031110.2100 1.2879 0.2432 1.5851
1305031110.2200 1.2876 0.2415 1.5847
1305031110.2300 1.2874 0.2399 1.5844
1305031110.2400 1.2872 0.2382 1.5842
1305031110.2500 1.2870 0.2366 1.5840
1305031110.2600 1.2869 0.2351 1.5839
1305031110.2700 1.2868 0.2334 1.5838
1305031110.2800 1.2866 0.2319 1.5838
1305031110.2900 1.2864 0.2302 1.5837
1305031110.3000 1.2862 0.2286 1.5836
1305031110.3100 1.2862 0.2271 1.5834
1305031110.3200 1.2861 0.2255 1.5832
1305031110.3300 1.2860 0.2238 1.5831
1305031110.3400 1.2859 0.2221 1.5829
1305031110.3500 1.2860 0.2204 1.5829
1305031110.3600 1.2860 0.2187 1.5828
1305031110.3700 1.2860 0.2170 1.5827
1305031110.3800 1.2859 0.2152 1.5825
1305031110.3900 1.2860 0.2134 1.5823
1305031110.4000 1.2860 0.2116 1.5822
1305031110.4100 1.2860 0.2097 1.5819
1305031110.4200 1.2860 0.2079 1.5816
1305031110.4300 1.2860 0.2060 1.5812
1305031110.4400 1.2860 0.2041 1.5807
1305031110.4500 1.2860 0.2021 1.5804
1305031110.4600 1.2861 0.2003 1.5801
1305031110.4700 1.2860 0.1984 1.5797
1305031110.4800 1.2860 0.1966 1.5794
1305031110.4900 1.2860 0.1947 1.5791
1305031110.5000 1.2860 0.1928 1.5788
1305031110.5100 1.2861 0.1910 1.5785
1305031110.5200 1.2862 0.1892 1.5782
1305031110.5300 1.2862 0.1874 1.5777
1305031110.5400 1.2863 0.1856 1.5772
1305031110.5500 1.2862 0.1839 1.5767
1305031110.5600 1.2862 0.1822 1.5762
1305031110.5700 1.2862 0.1805 1.5757
1305031110.5800 1.2862 0.1788 1.5752
1305031110.5900 1.2862 0.1772 1.5748
1305031110.6000 1.2861 0.1755 1.5744
1305031110.6100 1.2862 0.1740 1.5742
1305031110.6200 1.2863 0.1724 1.5740
1305031110.6300 1.2862 0.1710 1.5738
1305031110.6400 1.2862 0.1696 1.5736
1305031110.6500 1.2862 0.1683 1.5735
1305031110.6600 1.2863 0.1671 1.5734
1305031110.6700 1.2863 0.1658 1.5732
1305031110.6800 1.2863 0.1646 1.5729
1305031110.6900 1.2863 0.1636 1.5726
1305031110.7000 1.2863 0.1625 1.5724
1305031110.7100 1.2864 0.1615 1.5724
1305031110.7200 1.2864 0.1605 1.5723
1305031110.7300 1.2863 0.1597 1.5722
1305031110.7400 1.2862 0.1588 1.5722
1305031110.7500 1.2862 0.1581 1.5722
1305031110.7600 1.2863 0.1574 1.5722
1305031110.7700 1.2864 0.1568 1.5722
1305031110.7800 1.2864 0.1562 1.5722
1305031110.7900 1.2864 0.1557 1.5721
1305031110.8000 1.2864 0.1552 1.5720
1305031110.8100 1.2864 0.1548 1.5719
1305031110.8200 1.2864 0.1544 1.5718
1305031110.8300 1.2864 0.1541 1.5717
1305031110.8400 1.2864 0.1538 1.5716
1305031110.8500 1.2864 0.1537 1.5716
1305031110.8600 1.2865 0.1537 1.5716
1305031110.8700 1.2865 0.1537 1.5716
1305031110.8800 1.2866 0.1537 1.5715
1305031110.8900 1.2867 0.1539 1.5713
1305031110.9000 1.2868 0.1541 1.5712
1305031110.9100 1.2868 0.1543 1.5711
1305031110.9200 1.2869 0.1545 1.5709
1305031110.9300 1.2869 0.1550 1.5707
1305031110.9400 1.2869 0.1555 1.5704
1305031110.9500 1.2869 0.1560 1.5701
1305031110.9600 1.2869 0.1566 1.5699
1305031110.9700 1.2870 0.1574 1.5696
1305031110.9800 1.2871 0.1582 1.5693
1305031110.9900 1.2871 0.1590 1.5690
1305031111.0000 1.2871 0.1600 1.5688
1305031111.0100 1.2870 0.1610 1.5686
1305031111.0200 1.2870 0.1620 1.5684
1305031111.0300 1.2870 0.1631 1.5682
1305031111.0400 1.2870 0.1643 1.5680
1305031111.0500 1.2872 0.1654 1.5678
1305031111.0600 1.2873 0.1666 1.5677
1305031111.0700 1.2873 0.1678 1.5675
1305031111.0800 1.2873 0.1691 1.5672
1305031111.0900 1.2873 0.1704 1.5671
1305031111.1000 1.2873 0.1717 1.5671
1305031111.1100 1.2875 0.1731 1.5671
1305031111.1200 1.2876 0.1744 1.5672
1305031111.1300 1.2878 0.1759 1.5674
1305031111.1400 1.2880 0.1772 1.5675
1305031111.1500 1.2880 0.1787 1.5675
1305031111.1600 1.2880 0.1802 1.5676
1305031111.1700 1.2881 0.1819 1.5678
1305031111.1800 1.2881 0.1835 1.5680
1305031111.1900 1.2881 0.1851 1.5682
1305031111.2000 1.2882 0.1867 1.5683
1305031111.2100 1.2883 0.1884 1.5684
1305031111.2200 1.2884 0.1900 1.5686
1305031111.2300 1.2885 0.1915 1.5687
1305031111.2400 1.2885 0.1931 1.5688
1305031111.2500 1.2885 0.1949 1.5690
1305031111.2600 1.2886 0.1966 1.5693
1305031111.2700 1.2885 0.1984 1.5696
1305031111.2800 1.2884 0.2002 1.5699
1305031111.2900 1.2884 0.2020 1.5701
1305031111.3000 1.2884 0.2038 1.5704
1305031111.3100 1.2883 0.2056 1.5703
1305031111.3200 1.2881 0.2074 1.5703
1305031111.3300 1.2881 0.2092 1.5703
1305031111.3400 1.2880 0.2111 1.5702
1305031111.3500 1.2881 0.2130 1.5703
1305031111.3600 1.2882 0.2149 1.5705
1305031111.3700 1.2881 0.2168 1.5707
1305031111.3800 1.2879 0.2188 1.5709
1305031111.3900 1.2879 0.2207 1.5712
1305031111.4000 1.2879 0.2225 1.5715
1305031111.4100 1.2879 0.2244 1.5715
1305031111.4200 1.2878 0.2263 1.5715
1305031111.4300 1.2877 0.2283 1.5716
1305031111.4400 1.2876 0.2303 1.5717
1305031111.4500 1.2876 0.2324 1.5719
1305031111.4600 1.2876 0.2345 1.5721
1305031111.4700 1.2875 0.2367 1.5724
1305031111.4800 1.2875 0.2389 1.5727
1305031111.4900 1.2875 0.2410 1.5730
1305031111.5000 1.2875 0.2432 1.5734
1305031111.5100 1.2875 0.2454 1.5738
1305031111.5200 1.2875 0.2475 1.5742
1305031111.5300 1.2875 0.2498 1.5746
1305031111.5400 1.2874 0.2520 1.5750
1305031111.5500 1.2875 0.2543 1.5755
1305031111.5600 1.2877 0.2566 1.5759
1305031111.5700 1.2877 0.2589 1.5762
1305031111.5800 1.2878 0.2612 1.5764
1305031111.5900 1.2877 0.2635 1.5766
1305031111.6000 1.2877 0.2657 1.5769
1305031111.6100 1.2877 0.2679 1.5771
1305031111.6200 1.2878 0.2702 1.5773
1305031111.6300 1.2877 0.2725 1.5777
1305031111.6400 1.2876 0.2748 1.5781
1305031111.6500 1.2877 0.2771 1.5785
1305031111.6600 1.2879 0.2794 1.5788
1305031111.6700 1.2881 0.2817 1.5791
1305031111.6800 1.2883 0.2840 1.5793
1305031111.6900 1.2881 0.2863 1.5793
1305031111.7000 1.2879 0.2885 1.5794
1305031111.7100 1.2879 0.2908 1.5796
1305031111.7200 1.2879 0.2931 1.5797
1305031111.7300 1.2879 0.2955 1.5800
1305031111.7400 1.2878 0.2979 1.5802
1305031111.7500 1.2879 0.3003 1.5802
1305031111.7600 1.2880 0.3026 1.5803
1305031111.7700 1.2881 0.3049 1.5804
1305031111.7800 1.2882 0.3073 1.5805
1305031111.7900 1.2879 0.3095 1.5804
1305031111.8000 1.2876 0.3117 1.5804
1305031111.8100 1.2877 0.3139 1.5806
1305031111.8200 1.2879 0.3161 1.5807
1305031111.8300 1.2879 0.3184 1.5806
1305031111.8400 1.2880 0.3206 1.5806
1305031111.8500 1.2881 0.3226 1.5804
1305031111.8600 1.2883 0.3247 1.5803
1305031111.8700 1.2886 0.3268 1.5803
1305031111.8800 1.2889 0.3290 1.5802
1305031111.8900 1.2885 0.3310 1.5800
1305031111.9000 1.2882 0.3330 1.5799
1305031111.9100 1.2885 0.3351 1.5800
1305031111.9200 1.2887 0.3372 1.5801
1305031111.9300 1.2885 0.3392 1.5801
1305031111.9400 1.2883 0.3412 1.5801
1305031111.9500 1.2887 0.3434 1.5802
1305031111.9600 1.2891 0.3455 1.5802
1305031111.9700 1.2889 0.3476 1.5802
1305031111.9800 1.2887 0.3496 1.5803
1305031111.9900 1.2893 0.3516 1.5806
1305031112.0000 1.2900 0.3537 1.5808
1305031112.0100 1.2899 0.3556 1.5810
1305031112.0200 1.2898 0.3576 1.5811
1305031112.0300 1.2900 0.3597 1.5814
1305031112.0400 1.2901 0.3617 1.5816
1305031112.0500 1.2902 0.3638 1.5818
1305031112.0600 1.2904 0.3659 1.5820
1305031112.0700 1.2906 0.3679 1.5823
1305031112.0800 1.2907 0.3700 1.5825
1305031112.0900 1.2908 0.3720 1.5827
1305031112.1000 1.2908 0.3740 1.5830
1305031112.1100 1.2908 0.3760 1.5831
1305031112.1200 1.2909 0.3780 1.5833
1305031112.1300 1.2909 0.3801 1.5834
1305031112.1400 1.2909 0.3821 1.5835
1305031112.1500 1.2910 0.3843 1.5836
1305031112.1600 1.2911 0.3865 1.5837
1305031112.1700 1.2912 0.3886 1.5838
1305031112.1800 1.2913 0.3907 1.5839
1305031112.1900 1.2910 0.3930 1.5842
1305031112.2000 1.2907 0.3952 1.5845
1305031112.2100 1.2907 0.3975 1.5850
1305031112.2200 1.2907 0.3997 1.5855
1305031112.2300 1.2906 0.4019 1.5860
1305031112.2400 1.2905 0.4041 1.5866
1305031112.2500 1.2904 0.4063 1.5871
1305031112.2600 1.2903 0.4084 1.5877
1305031112.2700 1.2902 0.4106 1.5883
1305031112.2800 1.2901 0.4128 1.5889
1305031112.2900 1.2900 0.4149 1.5896
1305031112.3000 1.2898 0.4170 1.5903
1305031112.3100 1.2900 0.4191 1.5909
1305031112.3200 1.2901 0.4212 1.5916
1305031112.3300 1.2900 0.4232 1.5921
1305031112.3400 1.2898 0.4252 1.5927
1305031112.3500 1.2899 0.4273 1.5933
1305031112.3600 1.2900 0.4293 1.5939
1305031112.3700 1.2900 0.4312 1.5942
1305031112.3800 1.2901 0.4331 1.5946
1305031112.3900 1.2902 0.4350 1.5949
1305031112.4000 1.2904 0.4370 1.5953
1305031112.4100 1.2906 0.4387 1.5955
1305031112.4200 1.2908 0.4405 1.5957
1305031112.4300 1.2910 0.4424 1.5961
1305031112.4400 1.2911 0.4442 1.5966
1305031112.4500 1.2912 0.4459 1.5968
1305031112.4600 1.2913 0.4476 1.5971
1305031112.4700 1.2916 0.4493 1.5974
1305031112.4800 1.2919 0.4510 1.5976
1305031112.4900 1.2922 0.4526 1.5978
1305031112.5000 1.2925 0.4541 1.5981
1305031112.5100 1.2928 0.4556 1.5982
1305031112.5200 1.2931 0.4571 1.5983
1305031112.5300 1.2933 0.4585 1.5985
1305031112.5400 1.2935 0.4598 1.5986
1305031112.5500 1.2938 0.4613 1.5987
1305031112.5600 1.2941 0.4627 1.5989
1305031112.5700 1.2944 0.4641 1.5989
1305031112.5800 1.2947 0.4654 1.5990
1305031112.5900 1.2948 0.4669 1.5989
1305031112.6000 1.2949 0.4683 1.5987
1305031112.6100 1.2954 0.4697 1.5987
1305031112.6200 1.2959 0.4711 1.5987
1305031112.6300 1.2961 0.4724 1.5984
1305031112.6400 1.2962 0.4737 1.5981
1305031112.6500 1.2965 0.4748 1.5978
1305031112.6600 1.2969 0.4758 1.5976
1305031112.6700 1.2971 0.4768 1.5974
1305031112.6800 1.2973 0.4778 1.5972
1305031112.6900 1.2974 0.4786 1.5967
1305031112.7000 1.2975 0.4793 1.5962
1305031112.7100 1.2978 0.4800 1.5957
1305031112.7200 1.2980 0.4807 1.5951
1305031112.7300 1.2979 0.4811 1.5942
1305031112.7400 1.2978 0.4816 1.5934
1305031112.7500 1.2978 0.4819 1.5925
1305031112.7600 1.2979 0.4822 1.5917
1305031112.7700 1.2979 0.4823 1.5910
1305031112.7800 1.2979 0.4824 1.5903
1305031112.7900 1.2980 0.4822 1.5896
1305031112.8000 1.2981 0.4821 1.5889
1305031112.8100 1.2982 0.4817 1.5882
1305031112.8200 1.2984 0.4814 1.5876
1305031112.8300 1.2984 0.4809 1.5871
1305031112.8400 1.2985 0.4804 1.5865
1305031112.8500 1.2985 0.4799 1.5859
1305031112.8600 1.2985 0.4793 1.5853
1305031112.8700 1.2984 0.4788 1.5846
1305031112.8800 1.2982 0.4782 1.5839
1305031112.8900 1.2982 0.4775 1.5836
1305031112.9000 1.2982 0.4768 1.5833
1305031112.9100 1.2982 0.4759 1.5832
1305031112.9200 1.2983 0.4752 1.5831
1305031112.9300 1.2984 0.4741 1.5829
1305031112.9400 1.2984 0.4731 1.5828
1305031112.9500 1.2984 0.4720 1.5829
1305031112.9600 1.2984 0.4709 1.5829
1305031112.9700 1.2986 0.4698 1.5831
1305031112.9800 1.2988 0.4688 1.5834
1305031112.9900 1.2984 0.4675 1.5832
1305031113.0000 1.2979 0.4662 1.5830
1305031113.0100 1.2980 0.4649 1.5833
1305031113.0200 1.2980 0.4636 1.5835
1305031113.0300 1.2980 0.4621 1.5838
1305031113.0400 1.2979 0.4607 1.5841
1305031113.0500 1.2978 0.4591 1.5845
1305031113.0600 1.2978 0.4575 1.5849
1305031113.0700 1.2978 0.4558 1.5856
1305031113.0800 1.2979 0.4541 1.5862
1305031113.0900 1.2980 0.4524 1.5869
1305031113.1000 1.2981 0.4506 1.5876
1305031113.1100 1.2980 0.4488 1.5880
1305031113.1200 1.2978 0.4470 1.5884
1305031113.1300 1.2979 0.4452 1.5890
1305031113.1400 1.2980 0.4434 1.5895
1305031113.1500 1.2980 0.4415 1.5899
1305031113.1600 1.2980 0.4397 1.5904
1305031113.1700 1.2982 0.4378 1.5911
1305031113.1800 1.2985 0.4360 1.5918
1305031113.1900 1.2982 0.4340 1.5925
1305031113.2000 1.2980 0.4320 1.5932
1305031113.2100 1.2977 0.4301 1.5937
1305031113.2200 1.2974 0.4281 1.5941
1305031113.2300 1.2972 0.4260 1.5945
1305031113.2400 1.2970 0.4239 1.5950
1305031113.2500 1.2966 0.4218 1.5955
1305031113.2600 1.2961 0.4197 1.5959
1305031113.2700 1.2959 0.4175 1.5965
1305031113.2800 1.2956 0.4153 1.5971
1305031113.2900 1.2953 0.4130 1.5978
1305031113.3000 1.2950 0.4108 1.5984
1305031113.3100 1.2946 0.4084 1.5989
1305031113.3200 1.2943 0.4060 1.5995
1305031113.3300 1.2939 0.4034 1.5999
1305031113.3400 1.2934 0.4008 1.6003
1305031113.3500 1.2927 0.3982 1.6004
1305031113.3600 1.2919 0.3957 1.6005
1305031113.3700 1.2912 0.3931 1.6006
1305031113.3800 1.2905 0.3905 1.6007
1305031113.3900 1.2898 0.3878 1.6010
1305031113.4000 1.2891 0.3851 1.6013
1305031113.4100 1.2883 0.3824 1.6016
1305031113.4200 1.2875 0.3796 1.6019
1305031113.4300 1.2867 0.3769 1.6021
1305031113.4400 1.2858 0.3741 1.6024
1305031113.4500 1.2850 0.3714 1.6025
1305031113.4600 1.2842 0.3687 1.6025
1305031113.4700 1.2835 0.3659 1.6026
1305031113.4800 1.2828 0.3632 1.6027
1305031113.4900 1.2821 0.3605 1.6027
1305031113.5000 1.2814 0.3579 1.6028
1305031113.5100 1.2808 0.3553 1.6029
1305031113.5200 1.2801 0.3526 1.6030
1305031113.5300 1.2800 0.3500 1.6033
1305031113.5400 1.2799 0.3474 1.6035
1305031113.5500 1.2792 0.3448 1.6036
1305031113.5600 1.2785 0.3422 1.6037
1305031113.5700 1.2778 0.3397 1.6036
1305031113.5800 1.2772 0.3372 1.6035
1305031113.5900 1.2771 0.3347 1.6036
1305031113.6000 1.2771 0.3322 1.6037
1305031113.6100 1.2767 0.3298 1.6035
1305031113.6200 1.2762 0.3274 1.6032
1305031113.6300 1.2761 0.3251 1.6031
1305031113.6400 1.2760 0.3228 1.6031
1305031113.6500 1.2760 0.3206 1.6031
1305031113.6600 1.2760 0.3184 1.6030
1305031113.6700 1.2757 0.3160 1.6027
1305031113.6800 1.2753 0.3137 1.6025
1305031113.6900 1.2752 0.3115 1.6024
1305031113.7000 1.2751 0.3094 1.6023
1305031113.7100 1.2752 0.3072 1.6023
1305031113.7200 1.2752 0.3050 1.6022
1305031113.7300 1.2748 0.3029 1.6019
1305031113.7400 1.2743 0.3008 1.6017
1305031113.7500 1.2739 0.2988 1.6014
1305031113.7600 1.2734 0.2967 1.6012
1305031113.7700 1.2733 0.2947 1.6010
1305031113.7800 1.2732 0.2926 1.6008
1305031113.7900 1.2729 0.2906 1.6004
1305031113.8000 1.2726 0.2886 1.6001
1305031113.8100 1.2722 0.2865 1.5997
1305031113.8200 1.2718 0.2844 1.5992
1305031113.8300 1.2714 0.2823 1.5989
1305031113.8400 1.2710 0.2803 1.5985
1305031113.8500 1.2707 0.2782 1.5982
1305031113.8600 1.2704 0.2762 1.5979
1305031113.8700 1.2701 0.2741 1.5976
1305031113.8800 1.2698 0.2721 1.5972
1305031113.8900 1.2696 0.2700 1.5969
1305031113.9000 1.2693 0.2678 1.5966
1305031113.9100 1.2690 0.2658 1.5961
1305031113.9200 1.2687 0.2638 1.5957
1305031113.9300 1.2685 0.2617 1.5953
1305031113.9400 1.2683 0.2595 1.5950
1305031113.9500 1.2681 0.2574 1.5947
1305031113.9600 1.2678 0.2554 1.5944
1305031113.9700 1.2676 0.2532 1.5940
1305031113.9800 1.2674 0.2510 1.5936
1305031113.9900 1.2670 0.2489 1.5932
1305031114.0000 1.2666 0.2467 1.5929
1305031114.0100 1.2662 0.2446 1.5925
1305031114.0200 1.2658 0.2424 1.5921
1305031114.0300 1.2654 0.2403 1.5917
1305031114.0400 1.2650 0.2382 1.5914
1305031114.0500 1.2648 0.2361 1.5911
1305031114.0600 1.2646 0.2339 1.5909
1305031114.0700 1.2642 0.2318 1.5906
1305031114.0800 1.2638 0.2296 1.5903
1305031114.0900 1.2634 0.2274 1.5899
1305031114.1000 1.2630 0.2253 1.5895
1305031114.1100 1.2626 0.2232 1.5891
1305031114.1200 1.2622 0.2210 1.5887
1305031114.1300 1.2617 0.2189 1.5882
1305031114.1400 1.2613 0.2168 1.5877
1305031114.1500 1.2610 0.2148 1.5873
1305031114.1600 1.2606 0.2127 1.5868
1305031114.1700 1.2603 0.2107 1.5864
1305031114.1800 1.2599 0.2087 1.5860
1305031114.1900 1.2594 0.2067 1.5855
1305031114.2000 1.2590 0.2046 1.5849
1305031114.2100 1.2586 0.2027 1.5841
1305031114.2200 1.2582 0.2007 1.5834
1305031114.2300 1.2578 0.1987 1.5827
1305031114.2400 1.2575 0.1968 1.5820
1305031114.2500 1.2570 0.1948 1.5814
1305031114.2600 1.2565 0.1929 1.5807
1305031114.2700 1.2561 0.1910 1.5801
1305031114.2800 1.2556 0.1892 1.5796
1305031114.2900 1.2551 0.1873 1.5790
1305031114.3000 1.2546 0.1854 1.5784
1305031114.3100 1.2542 0.1836 1.5778
1305031114.3200 1.2537 0.1817 1.5772
1305031114.3300 1.2533 0.1799 1.5767
1305031114.3400 1.2530 0.1781 1.5762
1305031114.3500 1.2527 0.1764 1.5757
1305031114.3600 1.2524 0.1746 1.5753
1305031114.3700 1.2519 0.1729 1.5750
1305031114.3800 1.2514 0.1711 1.5747
1305031114.3900 1.2511 0.1695 1.5745
1305031114.4000 1.2508 0.1678 1.5743
1305031114.4100 1.2503 0.1662 1.5741
1305031114.4200 1.2498 0.1646 1.5738
1305031114.4300 1.2493 0.1631 1.5736
1305031114.4400 1.2488 0.1616 1.5734
1305031114.4500 1.2485 0.1600 1.5734
1305031114.4600 1.2481 0.1585 1.5734
1305031114.4700 1.2474 0.1570 1.5733
1305031114.4800 1.2468 0.1554 1.5732
1305031114.4900 1.2462 0.1541 1.5732
1305031114.5000 1.2455 0.1527 1.5732
1305031114.5100 1.2448 0.1515 1.5731
1305031114.5200 1.2440 0.1502 1.5730
1305031114.5300 1.2433 0.1492 1.5730
1305031114.5400 1.2426 0.1480 1.5731
1305031114.5500 1.2420 0.1471 1.5730
1305031114.5600 1.2415 0.1461 1.5730
1305031114.5700 1.2410 0.1452 1.5731
1305031114.5800 1.2405 0.1443 1.5732
1305031114.5900 1.2399 0.1435 1.5731
1305031114.6000 1.2393 0.1426 1.5730
1305031114.6100 1.2388 0.1418 1.5729
1305031114.6200 1.2383 0.1409 1.5728
1305031114.6300 1.2380 0.1402 1.5727
1305031114.6400 1.2377 0.1394 1.5726
1305031114.6500 1.2373 0.1387 1.5726
1305031114.6600 1.2369 0.1381 1.5725
1305031114.6700 1.2367 0.1374 1.5726
1305031114.6800 1.2364 0.1367 1.5726
1305031114.6900 1.2361 0.1362 1.5728
1305031114.7000 1.2359 0.1358 1.5729
1305031114.7100 1.2360 0.1353 1.5732
1305031114.7200 1.2361 0.1349 1.5735
1305031114.7300 1.2362 0.1346 1.5736
1305031114.7400 1.2363 0.1343 1.5738
1305031114.7500 1.2363 0.1340 1.5740
1305031114.7600 1.2364 0.1338 1.5742
1305031114.7700 1.2365 0.1338 1.5743
1305031114.7800 1.2367 0.1337 1.5745
1305031114.7900 1.2369 0.1338 1.5745
1305031114.8000 1.2372 0.1338 1.5745
1305031114.8100 1.2375 0.1340 1.5744
1305031114.8200 1.2378 0.1342 1.5743
1305031114.8300 1.2382 0.1345 1.5743
1305031114.8400 1.2385 0.1347 1.5742
1305031114.8500 1.2389 0.1351 1.5740
1305031114.8600 1.2392 0.1356 1.5738
1305031114.8700 1.2394 0.1361 1.5735
1305031114.8800 1.2397 0.1366 1.5731
1305031114.8900 1.2401 0.1372 1.5728
1305031114.9000 1.2406 0.1378 1.5724
1305031114.9100 1.2409 0.1385 1.5718
1305031114.9200 1.2413 0.1392 1.5713
1305031114.9300 1.2416 0.1401 1.5706
1305031114.9400 1.2419 0.1409 1.5698
1305031114.9500 1.2422 0.1419 1.5691
1305031114.9600 1.2426 0.1429 1.5684
1305031114.9700 1.2428 0.1440 1.5676
1305031114.9800 1.2430 0.1452 1.5668
1305031114.9900 1.2432 0.1463 1.5659
1305031115.0000 1.2434 0.1475 1.5651
1305031115.0100 1.2436 0.1489 1.5642
1305031115.0200 1.2438 0.1502 1.5634
1305031115.0300 1.2439 0.1516 1.5626
1305031115.0400 1.2441 0.1530 1.5618
1305031115.0500 1.2439 0.1546 1.5611
1305031115.0600 1.2436 0.1561 1.5603
1305031115.0700 1.2435 0.1577 1.5596
1305031115.0800 1.2434 0.1593 1.5589
1305031115.0900 1.2433 0.1611 1.5582
1305031115.1000 1.2433 0.1630 1.5575
1305031115.1100 1.2433 0.1648 1.5569
1305031115.1200 1.2432 0.1667 1.5562
1305031115.1300 1.2429 0.1687 1.5557
1305031115.1400 1.2426 0.1706 1.5553
1305031115.1500 1.2420 0.1726 1.5548
1305031115.1600 1.2415 0.1746 1.5543
1305031115.1700 1.2411 0.1765 1.5537
1305031115.1800 1.2407 0.1785 1.5532
1305031115.1900 1.2402 0.1806 1.5526
1305031115.2000 1.2397 0.1827 1.5521
1305031115.2100 1.2391 0.1850 1.5518
1305031115.2200 1.2386 0.1872 1.5515
1305031115.2300 1.2379 0.1896 1.5512
1305031115.2400 1.2371 0.1920 1.5508
1305031115.2500 1.2363 0.1944 1.5503
1305031115.2600 1.2355 0.1968 1.5497
1305031115.2700 1.2349 0.1994 1.5492
1305031115.2800 1.2342 0.2019 1.5486
1305031115.2900 1.2336 0.2044 1.5481
1305031115.3000 1.2329 0.2069 1.5476
1305031115.3100 1.2324 0.2096 1.5472
1305031115.3200 1.2318 0.2122 1.5467
1305031115.3300 1.2312 0.2148 1.5461
1305031115.3400 1.2306 0.2175 1.5455
1305031115.3500 1.2301 0.2200 1.5447
1305031115.3600 1.2296 0.2225 1.5439
1305031115.3700 1.2292 0.2250 1.5430
1305031115.3800 1.2288 0.2275 1.5421
1305031115.3900 1.2285 0.2300 1.5412
1305031115.4000 1.2282 0.2326 1.5403
1305031115.4100 1.2277 0.2351 1.5395
1305031115.4200 1.2272 0.2377 1.5387
1305031115.4300 1.2269 0.2404 1.5381
1305031115.4400 1.2266 0.2430 1.5374
1305031115.4500 1.2264 0.2457 1.5368
1305031115.4600 1.2263 0.2485 1.5362
1305031115.4700 1.2260 0.2511 1.5354
1305031115.4800 1.2257 0.2539 1.5347
1305031115.4900 1.2256 0.2567 1.5343
1305031115.5000 1.2256 0.2595 1.5339
1305031115.5100 1.2258 0.2624 1.5338
1305031115.5200 1.2260 0.2652 1.5337
1305031115.5300 1.2260 0.2682 1.5336
1305031115.5400 1.2261 0.2712 1.5335
1305031115.5500 1.2263 0.2741 1.5335
1305031115.5600 1.2265 0.2769 1.5336
1305031115.5700 1.2267 0.2798 1.5337
1305031115.5800 1.2269 0.2826 1.5339
1305031115.5900 1.2271 0.2853 1.5339
1305031115.6000 1.2273 0.2881 1.5340
1305031115.6100 1.2278 0.2909 1.5343
1305031115.6200 1.2283 0.2938 1.5345
1305031115.6300 1.2287 0.2965 1.5350
1305031115.6400 1.2290 0.2993 1.5354
1305031115.6500 1.2296 0.3020 1.5357
1305031115.6600 1.2301 0.3047 1.5360
1305031115.6700 1.2304 0.3073 1.5363
1305031115.6800 1.2306 0.3099 1.5366
1305031115.6900 1.2312 0.3125 1.5368
1305031115.7000 1.2318 0.3152 1.5370
1305031115.7100 1.2322 0.3178 1.5373
1305031115.7200 1.2327 0.3205 1.5377
1305031115.7300 1.2331 0.3231 1.5381
1305031115.7400 1.2336 0.3256 1.5384
1305031115.7500 1.2340 0.3283 1.5387
1305031115.7600 1.2345 0.3310 1.5390
1305031115.7700 1.2348 0.3335 1.5392
1305031115.7800 1.2350 0.3360 1.5394
1305031115.7900 1.2354 0.3386 1.5396
1305031115.8000 1.2358 0.3412 1.5397
1305031115.8100 1.2363 0.3437 1.5397
1305031115.8200 1.2368 0.3462 1.5397
1305031115.8300 1.2372 0.3486 1.5396
1305031115.8400 1.2377 0.3510 1.5395
1305031115.8500 1.2382 0.3534 1.5395
1305031115.8600 1.2388 0.3558 1.5395
1305031115.8700 1.2390 0.3580 1.5394
1305031115.8800 1.2392 0.3604 1.5393
1305031115.8900 1.2395 0.3626 1.5391
1305031115.9000 1.2399 0.3648 1.5388
1305031115.9100 1.2402 0.3670 1.5385
1305031115.9200 1.2405 0.3692 1.5381
1305031115.9300 1.2407 0.3714 1.5376
1305031115.9400 1.2409 0.3736 1.5372
1305031115.9500 1.2414 0.3757 1.5366
1305031115.9600 1.2419 0.3779 1.5361
1305031115.9700 1.2420 0.3799 1.5353
1305031115.9800 1.2420 0.3820 1.5346
1305031115.9900 1.2422 0.3841 1.5339
1305031116.0000 1.2423 0.3861 1.5333
1305031116.0100 1.2425 0.3882 1.5327
1305031116.0200 1.2427 0.3903 1.5320
1305031116.0300 1.2425 0.3924 1.5310
1305031116.0400 1.2423 0.3945 1.5300
1305031116.0500 1.2425 0.3964 1.5291
1305031116.0600 1.2427 0.3983 1.5281
1305031116.0700 1.2428 0.4003 1.5271
1305031116.0800 1.2429 0.4022 1.5261
1305031116.0900 1.2428 0.4043 1.5252
1305031116.1000 1.2428 0.4063 1.5244
1305031116.1100 1.2427 0.4082 1.5234
1305031116.1200 1.2426 0.4101 1.5224
1305031116.1300 1.2428 0.4119 1.5215
1305031116.1400 1.2429 0.4137 1.5207
1305031116.1500 1.2430 0.4155 1.5200
1305031116.1600 1.2432 0.4174 1.5192
1305031116.1700 1.2431 0.4192 1.5185
1305031116.1800 1.2430 0.4210 1.5178
1305031116.1900 1.2431 0.4227 1.5171
1305031116.2000 1.2433 0.4245 1.5163
1305031116.2100 1.2435 0.4262 1.5157
1305031116.2200 1.2437 0.4279 1.5151
1305031116.2300 1.2439 0.4297 1.5147
1305031116.2400 1.2441 0.4315 1.5143
1305031116.2500 1.2445 0.4331 1.5141
1305031116.2600 1.2448 0.4348 1.5140
1305031116.2700 1.2452 0.4365 1.5139
1305031116.2800 1.2456 0.4381 1.5139
1305031116.2900 1.2460 0.4396 1.5137
1305031116.3000 1.2465 0.4411 1.5136
1305031116.3100 1.2470 0.4426 1.5137
1305031116.3200 1.2474 0.4440 1.5138
1305031116.3300 1.2479 0.4452 1.5141
1305031116.3400 1.2485 0.4464 1.5143
1305031116.3500 1.2489 0.4475 1.5148
1305031116.3600 1.2493 0.4486 1.5152
1305031116.3700 1.2497 0.4495 1.5157
1305031116.3800 1.2501 0.4504 1.5162
1305031116.3900 1.2507 0.4512 1.5166
1305031116.4000 1.2512 0.4520 1.5171
1305031116.4100 1.2518 0.4525 1.5173
1305031116.4200 1.2524 0.4531 1.5176
1305031116.4300 1.2530 0.4534 1.5179
1305031116.4400 1.2535 0.4537 1.5182
1305031116.4500 1.2539 0.4538 1.5185
1305031116.4600 1.2543 0.4539 1.5188
1305031116.4700 1.2548 0.4537 1.5192
1305031116.4800 1.2553 0.4535 1.5197
1305031116.4900 1.2555 0.4530 1.5202
1305031116.5000 1.2558 0.4525 1.5207
1305031116.5100 1.2560 0.4519 1.5212
1305031116.5200 1.2562 0.4512 1.5217
1305031116.5300 1.2564 0.4503 1.5223
1305031116.5400 1.2566 0.4494 1.5229
1305031116.5500 1.2567 0.4483 1.5233
1305031116.5600 1.2568 0.4471 1.5238
1305031116.5700 1.2568 0.4458 1.5242
1305031116.5800 1.2568 0.4445 1.5245
1305031116.5900 1.2567 0.4429 1.5250
1305031116.6000 1.2567 0.4414 1.5255
1305031116.6100 1.2566 0.4395 1.5260
1305031116.6200 1.2565 0.4377 1.5265
1305031116.6300 1.2564 0.4358 1.5269
1305031116.6400 1.2563 0.4339 1.5273
1305031116.6500 1.2563 0.4318 1.5277
1305031116.6600 1.2562 0.4298 1.5282
1305031116.6700 1.2562 0.4276 1.5286
1305031116.6800 1.2562 0.4255 1.5290
1305031116.6900 1.2560 0.4232 1.5294
1305031116.7000 1.2558 0.4209 1.5298
1305031116.7100 1.2559 0.4186 1.5303
1305031116.7200 1.2560 0.4163 1.5308
1305031116.7300 1.2557 0.4140 1.5310
1305031116.7400 1.2553 0.4116 1.5312
1305031116.7500 1.2556 0.4091 1.5315
1305031116.7600 1.2559 0.4067 1.5318
1305031116.7700 1.2559 0.4042 1.5322
1305031116.7800 1.2560 0.4017 1.5326
1305031116.7900 1.2562 0.3992 1.5330
1305031116.8000 1.2564 0.3967 1.5334
1305031116.8100 1.2565 0.3942 1.5337
1305031116.8200 1.2565 0.3917 1.5341
1305031116.8300 1.2567 0.3891 1.5345
1305031116.8400 1.2568 0.3866 1.5348
1305031116.8500 1.2567 0.3839 1.5347
1305031116.8600 1.2565 0.3812 1.5347
1305031116.8700 1.2567 0.3786 1.5349
1305031116.8800 1.2569 0.3759 1.5351
1305031116.8900 1.2574 0.3732 1.5352
1305031116.9000 1.2580 0.3705 1.5353
1305031116.9100 1.2582 0.3677 1.5353
1305031116.9200 1.2585 0.3649 1.5352
1305031116.9300 1.2582 0.3622 1.5349
1305031116.9400 1.2579 0.3594 1.5347
1305031116.9500 1.2583 0.3567 1.5345
1305031116.9600 1.2587 0.3539 1.5344
1305031116.9700 1.2590 0.3511 1.5341
1305031116.9800 1.2593 0.3483 1.5339
1305031116.9900 1.2595 0.3455 1.5336
1305031117.0000 1.2598 0.3428 1.5333
1305031117.0100 1.2601 0.3402 1.5329
1305031117.0200 1.2605 0.3376 1.5325
1305031117.0300 1.2607 0.3350 1.5321
1305031117.0400 1.2610 0.3325 1.5316
1305031117.0500 1.2614 0.3301 1.5311
1305031117.0600 1.2619 0.3277 1.5305
1305031117.0700 1.2621 0.3255 1.5299
1305031117.0800 1.2623 0.3232 1.5294
1305031117.0900 1.2627 0.3210 1.5287
1305031117.1000 1.2631 0.3189 1.5280
1305031117.1100 1.2636 0.3168 1.5273
1305031117.1200 1.2641 0.3148 1.5266
1305031117.1300 1.2646 0.3128 1.5260
1305031117.1400 1.2651 0.3109 1.5254
1305031117.1500 1.2653 0.3092 1.5247
1305031117.1600 1.2655 0.3075 1.5239
1305031117.1700 1.2657 0.3059 1.5233
1305031117.1800 1.2659 0.3044 1.5228
1305031117.1900 1.2658 0.3031 1.5223
1305031117.2000 1.2657 0.3018 1.5218
1305031117.2100 1.2654 0.3008 1.5213
1305031117.2200 1.2652 0.2998 1.5208
1305031117.2300 1.2651 0.2988 1.5203
1305031117.2400 1.2650 0.2978 1.5198
1305031117.2500 1.2646 0.2971 1.5194
1305031117.2600 1.2641 0.2963 1.5190
1305031117.2700 1.2639 0.2958 1.5189
1305031117.2800 1.2636 0.2952 1.5187
1305031117.2900 1.2634 0.2948 1.5187
1305031117.3000 1.2632 0.2944 1.5186
1305031117.3100 1.2629 0.2939 1.5187
1305031117.3200 1.2625 0.2935 1.5188
1305031117.3300 1.2622 0.2932 1.5191
1305031117.3400 1.2619 0.2929 1.5194
1305031117.3500 1.2616 0.2927 1.5200
1305031117.3600 1.2614 0.2925 1.5205
1305031117.3700 1.2611 0.2924 1.5211
1305031117.3800 1.2608 0.2922 1.5218
1305031117.3900 1.2603 0.2921 1.5226
1305031117.4000 1.2597 0.2919 1.5234
1305031117.4100 1.2592 0.2918 1.5246
1305031117.4200 1.2588 0.2917 1.5257
1305031117.4300 1.2582 0.2916 1.5268
1305031117.4400 1.2575 0.2915 1.5279
1305031117.4500 1.2567 0.2915 1.5292
1305031117.4600 1.2558 0.2914 1.5305
1305031117.4700 1.2549 0.2914 1.5318
1305031117.4800 1.2539 0.2913 1.5331
1305031117.4900 1.2530 0.2913 1.5346
1305031117.5000 1.2520 0.2913 1.5361
1305031117.5100 1.2507 0.2912 1.5376
1305031117.5200 1.2494 0.2911 1.5391
1305031117.5300 1.2481 0.2910 1.5406
1305031117.5400 1.2468 0.2909 1.5422
1305031117.5500 1.2452 0.2908 1.5436
1305031117.5600 1.2437 0.2908 1.5451
1305031117.5700 1.2422 0.2907 1.5465
1305031117.5800 1.2406 0.2907 1.5479
1305031117.5900 1.2386 0.2906 1.5493
1305031117.6000 1.2367 0.2905 1.5507
1305031117.6100 1.2346 0.2906 1.5520
1305031117.6200 1.2326 0.2906 1.5534
1305031117.6300 1.2304 0.2906 1.5548
1305031117.6400 1.2282 0.2907 1.5561
1305031117.6500 1.2260 0.2907 1.5575
1305031117.6600 1.2237 0.2907 1.5588
1305031117.6700 1.2214 0.2908 1.5601
1305031117.6800 1.2190 0.2909 1.5614
1305031117.6900 1.2165 0.2910 1.5627
1305031117.7000 1.2140 0.2911 1.5640
1305031117.7100 1.2115 0.2912 1.5654
1305031117.7200 1.2091 0.2913 1.5668
1305031117.7300 1.2064 0.2914 1.5682
1305031117.7400 1.2037 0.2914 1.5696
1305031117.7500 1.2011 0.2915 1.5711
1305031117.7600 1.1985 0.2916 1.5726
1305031117.7700 1.1958 0.2917 1.5740
1305031117.7800 1.1931 0.2918 1.5755
1305031117.7900 1.1903 0.2918 1.5769
1305031117.8000 1.1874 0.2919 1.5783
1305031117.8100 1.1844 0.2919 1.5798
1305031117.8200 1.1813 0.2919 1.5814
1305031117.8300 1.1784 0.2920 1.5830
1305031117.8400 1.1756 0.2920 1.5847
1305031117.8500 1.1727 0.2921 1.5862
1305031117.8600 1.1698 0.2922 1.5877
1305031117.8700 1.1668 0.2922 1.5893
1305031117.8800 1.1638 0.2923 1.5909
1305031117.8900 1.1608 0.2923 1.5923
1305031117.9000 1.1578 0.2923 1.5937
1305031117.9100 1.1547 0.2923 1.5951
1305031117.9200 1.1516 0.2924 1.5966
1305031117.9300 1.1484 0.2924 1.5979
1305031117.9400 1.1452 0.2923 1.5993
1305031117.9500 1.1421 0.2923 1.6006
1305031117.9600 1.1390 0.2923 1.6019
1305031117.9700 1.1359 0.2923 1.6031
1305031117.9800 1.1327 0.2923 1.6043
1305031117.9900 1.1296 0.2923 1.6056
1305031118.0000 1.1265 0.2923 1.6068
1305031118.0100 1.1233 0.2924 1.6081
1305031118.0200 1.1201 0.2924 1.6095
1305031118.0300 1.1168 0.2924 1.6109
1305031118.0400 1.1136 0.2924 1.6122
1305031118.0500 1.1105 0.2924 1.6135
1305031118.0600 1.1074 0.2924 1.6148
1305031118.0700 1.1044 0.2925 1.6161
1305031118.0800 1.1014 0.2925 1.6175
1305031118.0900 1.0983 0.2925 1.6188
1305031118.1000 1.0952 0.2926 1.6201
1305031118.1100 1.0921 0.2927 1.6215
1305031118.1200 1.0891 0.2927 1.6229
1305031118.1300 1.0862 0.2927 1.6244
1305031118.1400 1.0834 0.2928 1.6258
1305031118.1500 1.0804 0.2928 1.6272
1305031118.1600 1.0775 0.2928 1.6286
1305031118.1700 1.0747 0.2928 1.6301
1305031118.1800 1.0718 0.2928 1.6316
1305031118.1900 1.0691 0.2929 1.6332
1305031118.2000 1.0664 0.2930 1.6347
1305031118.2100 1.0636 0.2930 1.6362
1305031118.2200 1.0609 0.2930 1.6377
1305031118.2300 1.0583 0.2931 1.6392
1305031118.2400 1.0558 0.2931 1.6407
1305031118.2500 1.0532 0.2931 1.6422
1305031118.2600 1.0505 0.2931 1.6438
1305031118.2700 1.0480 0.2932 1.6453
1305031118.2800 1.0455 0.2933 1.6468
1305031118.2900 1.0431 0.2933 1.6483
1305031118.3000 1.0407 0.2934 1.6498
1305031118.3100 1.0383 0.2935 1.6511
1305031118.3200 1.0358 0.2935 1.6525
1305031118.3300 1.0335 0.2936 1.6538
1305031118.3400 1.0313 0.2937 1.6550
1305031118.3500 1.0291 0.2937 1.6561
1305031118.3600 1.0268 0.2938 1.6571
1305031118.3700 1.0248 0.2939 1.6581
1305031118.3800 1.0228 0.2940 1.6591
1305031118.3900 1.0208 0.2942 1.6599
1305031118.4000 1.0189 0.2943 1.6606
1305031118.4100 1.0172 0.2944 1.6610
1305031118.4200 1.0155 0.2946 1.6615
1305031118.4300 1.0141 0.2948 1.6618
1305031118.4400 1.0126 0.2950 1.6620
1305031118.4500 1.0113 0.2952 1.6622
1305031118.4600 1.0101 0.2954 1.6624
1305031118.4700 1.0092 0.2955 1.6625
1305031118.4800 1.0084 0.2957 1.6626
1305031118.4900 1.0078 0.2959 1.6625
1305031118.5000 1.0073 0.2962 1.6624
1305031118.5100 1.0069 0.2963 1.6621
1305031118.5200 1.0065 0.2964 1.6617
1305031118.5300 1.0065 0.2966 1.6611
1305031118.5400 1.0066 0.2968 1.6605
1305031118.5500 1.0069 0.2969 1.6597
1305031118.5600 1.0072 0.2970 1.6589
1305031118.5700 1.0078 0.2972 1.6581
1305031118.5800 1.0084 0.2973 1.6572
1305031118.5900 1.0093 0.2973 1.6562
1305031118.6000 1.0103 0.2973 1.6552
1305031118.6100 1.0114 0.2974 1.6541
1305031118.6200 1.0125 0.2974 1.6530
1305031118.6300 1.0140 0.2975 1.6517
1305031118.6400 1.0155 0.2975 1.6505
1305031118.6500 1.0172 0.2975 1.6492
1305031118.6600 1.0190 0.2975 1.6479
1305031118.6700 1.0208 0.2974 1.6465
1305031118.6800 1.0227 0.2974 1.6451
1305031118.6900 1.0250 0.2973 1.6437
1305031118.7000 1.0272 0.2973 1.6423
1305031118.7100 1.0295 0.2973 1.6410
1305031118.7200 1.0319 0.2973 1.6396
1305031118.7300 1.0344 0.2973 1.6383
1305031118.7400 1.0369 0.2973 1.6370
1305031118.7500 1.0394 0.2972 1.6353
1305031118.7600 1.0419 0.2972 1.6336
1305031118.7700 1.0447 0.2972 1.6319
1305031118.7800 1.0474 0.2971 1.6301
1305031118.7900 1.0505 0.2971 1.6285
1305031118.8000 1.0535 0.2971 1.6268
1305031118.8100 1.0569 0.2971 1.6253
1305031118.8200 1.0602 0.2972 1.6238
1305031118.8300 1.0635 0.2972 1.6225
1305031118.8400 1.0669 0.2972 1.6212
1305031118.8500 1.0705 0.2972 1.6198
1305031118.8600 1.0741 0.2972 1.6184
1305031118.8700 1.0778 0.2971 1.6167
1305031118.8800 1.0815 0.2970 1.6149
1305031118.8900 1.0853 0.2969 1.6133
1305031118.9000 1.0891 0.2968 1.6116
1305031118.9100 1.0928 0.2966 1.6100
1305031118.9200 1.0966 0.2965 1.6085
1305031118.9300 1.1005 0.2964 1.6071
1305031118.9400 1.1044 0.2963 1.6056
1305031118.9500 1.1083 0.2960 1.6040
1305031118.9600 1.1122 0.2958 1.6024
1305031118.9700 1.1160 0.2956 1.6008
1305031118.9800 1.1199 0.2954 1.5993
1305031118.9900 1.1237 0.2951 1.5977
1305031119.0000 1.1276 0.2949 1.5960
1305031119.0100 1.1315 0.2946 1.5944
1305031119.0200 1.1354 0.2944 1.5928
1305031119.0300 1.1392 0.2942 1.5913
1305031119.0400 1.1430 0.2939 1.5898
1305031119.0500 1.1468 0.2937 1.5884
1305031119.0600 1.1506 0.2934 1.5869
1305031119.0700 1.1544 0.2932 1.5856
1305031119.0800 1.1582 0.2929 1.5842
1305031119.0900 1.1621 0.2927 1.5829
1305031119.1000 1.1660 0.2924 1.5816
1305031119.1100 1.1696 0.2922 1.5802
1305031119.1200 1.1733 0.2919 1.5788
1305031119.1300 1.1769 0.2916 1.5774
1305031119.1400 1.1805 0.2913 1.5761
1305031119.1500 1.1841 0.2911 1.5748
1305031119.1600 1.1877 0.2908 1.5735
1305031119.1700 1.1913 0.2905 1.5723
1305031119.1800 1.1950 0.2903 1.5711
1305031119.1900 1.1985 0.2901 1.5698
1305031119.2000 1.2020 0.2898 1.5686
1305031119.2100 1.2053 0.2896 1.5672
1305031119.2200 1.2086 0.2894 1.5658
1305031119.2300 1.2119 0.2893 1.5646
1305031119.2400 1.2153 0.2890 1.5633
1305031119.2500 1.2185 0.2888 1.5619
1305031119.2600 1.2216 0.2887 1.5606
1305031119.2700 1.2248 0.2885 1.5591
1305031119.2800 1.2279 0.2883 1.5576
1305031119.2900 1.2311 0.2882 1.5562
1305031119.3000 1.2343 0.2882 1.5549
1305031119.3100 1.2372 0.2880 1.5534
1305031119.3200 1.2401 0.2879 1.5520
1305031119.3300 1.2430 0.2878 1.5506
1305031119.3400 1.2460 0.2877 1.5492
1305031119.3500 1.2489 0.2875 1.5477
1305031119.3600 1.2517 0.2874 1.5462
1305031119.3700 1.2545 0.2873 1.5447
1305031119.3800 1.2574 0.2871 1.5432
1305031119.3900 1.2603 0.2870 1.5415
1305031119.4000 1.2631 0.2868 1.5399
1305031119.4100 1.2660 0.2867 1.5382
1305031119.4200 1.2690 0.2865 1.5365
1305031119.4300 1.2719 0.2863 1.5347
1305031119.4400 1.2748 0.2862 1.5330
1305031119.4500 1.2778 0.2860 1.5313
1305031119.4600 1.2808 0.2858 1.5297
1305031119.4700 1.2837 0.2858 1.5280
1305031119.4800 1.2867 0.2857 1.5263
1305031119.4900 1.2895 0.2855 1.5244
1305031119.5000 1.2924 0.2853 1.5225
1305031119.5100 1.2954 0.2851 1.5206
1305031119.5200 1.2985 0.2849 1.5187
1305031119.5300 1.3014 0.2847 1.5167
1305031119.5400 1.3042 0.2845 1.5147
1305031119.5500 1.3071 0.2843 1.5127
1305031119.5600 1.3100 0.2842 1.5107
1305031119.5700 1.3129 0.2840 1.5086
1305031119.5800 1.3157 0.2838 1.5066
1305031119.5900 1.3186 0.2835 1.5044
1305031119.6000 1.3214 0.2833 1.5022
1305031119.6100 1.3240 0.2831 1.5000
1305031119.6200 1.3267 0.2829 1.4979
1305031119.6300 1.3294 0.2826 1.4956
1305031119.6400 1.3321 0.2823 1.4934
1305031119.6500 1.3348 0.2820 1.4911
1305031119.6600 1.3376 0.2818 1.4888
1305031119.6700 1.3401 0.2815 1.4865
1305031119.6800 1.3427 0.2813 1.4841
1305031119.6900 1.3452 0.2812 1.4817
1305031119.7000 1.3477 0.2811 1.4794
1305031119.7100 1.3502 0.2810 1.4771
1305031119.7200 1.3528 0.2808 1.4748
1305031119.7300 1.3550 0.2806 1.4725
1305031119.7400 1.3573 0.2804 1.4702
1305031119.7500 1.3598 0.2802 1.4680
1305031119.7600 1.3622 0.2801 1.4659
1305031119.7700 1.3645 0.2799 1.4638
1305031119.7800 1.3669 0.2797 1.4616
1305031119.7900 1.3691 0.2795 1.4595
1305031119.8000 1.3714 0.2794 1.4574
1305031119.8100 1.3739 0.2793 1.4554
1305031119.8200 1.3763 0.2792 1.4534
1305031119.8300 1.3785 0.2790 1.4514
1305031119.8400 1.3807 0.2788 1.4493
1305031119.8500 1.3830 0.2787 1.4475
1305031119.8600 1.3853 0.2786 1.4457
1305031119.8700 1.3874 0.2784 1.4441
1305031119.8800 1.3896 0.2782 1.4425
1305031119.8900 1.3918 0.2781 1.4408
1305031119.9000 1.3940 0.2779 1.4392
1305031119.9100 1.3961 0.2777 1.4375
1305031119.9200 1.3982 0.2775 1.4358
1305031119.9300 1.4002 0.2773 1.4343
1305031119.9400 1.4022 0.2772 1.4327
1305031119.9500 1.4040 0.2770 1.4313
1305031119.9600 1.4059 0.2767 1.4299
1305031119.9700 1.4075 0.2766 1.4285
1305031119.9800 1.4092 0.2764 1.4271
1305031119.9900 1.4110 0.2762 1.4258
1305031120.0000 1.4127 0.2761 1.4245
1305031120.0100 1.4142 0.2759 1.4232
1305031120.0200 1.4156 0.2757 1.4219
1305031120.0300 1.4168 0.2756 1.4208
1305031120.0400 1.4181 0.2754 1.4197
1305031120.0500 1.4192 0.2752 1.4190
1305031120.0600 1.4204 0.2751 1.4183
1305031120.0700 1.4211 0.2749 1.4177
1305031120.0800 1.4217 0.2747 1.4172
1305031120.0900 1.4224 0.2746 1.4169
1305031120.1000 1.4231 0.2745 1.4166
1305031120.1100 1.4234 0.2745 1.4164
1305031120.1200 1.4236 0.2745 1.4163
1305031120.1300 1.4235 0.2745 1.4165
1305031120.1400 1.4235 0.2745 1.4167
1305031120.1500 1.4231 0.2745 1.4171
1305031120.1600 1.4226 0.2746 1.4175
1305031120.1700 1.4221 0.2747 1.4183
1305031120.1800 1.4215 0.2747 1.4192
1305031120.1900 1.4207 0.2748 1.4202
1305031120.2000 1.4200 0.2748 1.4212
1305031120.2100 1.4189 0.2749 1.4224
1305031120.2200 1.4178 0.2750 1.4235
1305031120.2300 1.4166 0.2750 1.4248
1305031120.2400 1.4154 0.2751 1.4261
1305031120.2500 1.4138 0.2752 1.4274
1305031120.2600 1.4122 0.2753 1.4287
1305031120.2700 1.4104 0.2754 1.4302
1305031120.2800 1.4087 0.2755 1.4316
1305031120.2900 1.4066 0.2756 1.4331
1305031120.3000 1.4045 0.2757 1.4345
1305031120.3100 1.4022 0.2760 1.4361
1305031120.3200 1.4000 0.2762 1.4377
1305031120.3300 1.3975 0.2763 1.4393
1305031120.3400 1.3951 0.2766 1.4410
1305031120.3500 1.3925 0.2768 1.4425
1305031120.3600 1.3899 0.2770 1.4440
1305031120.3700 1.3872 0.2773 1.4457
1305031120.3800 1.3845 0.2776 1.4474
1305031120.3900 1.3814 0.2778 1.4491
1305031120.4000 1.3783 0.2780 1.4508
1305031120.4100 1.3754 0.2783 1.4526
1305031120.4200 1.3724 0.2786 1.4544
1305031120.4300 1.3693 0.2789 1.4561
1305031120.4400 1.3661 0.2792 1.4578
1305031120.4500 1.3628 0.2794 1.4592
1305031120.4600 1.3596 0.2797 1.4607
1305031120.4700 1.3566 0.2800 1.4624
1305031120.4800 1.3537 0.2802 1.4640
1305031120.4900 1.3505 0.2805 1.4656
1305031120.5000 1.3473 0.2807 1.4672
1305031120.5100 1.3441 0.2810 1.4688
1305031120.5200 1.3409 0.2812 1.4704
1305031120.5300 1.3378 0.2815 1.4719
1305031120.5400 1.3348 0.2818 1.4734
1305031120.5500 1.3317 0.2820 1.4748
1305031120.5600 1.3285 0.2822 1.4762
1305031120.5700 1.3256 0.2824 1.4776
1305031120.5800 1.3227 0.2826 1.4790
1305031120.5900 1.3197 0.2827 1.4804
1305031120.6000 1.3167 0.2828 1.4818
1305031120.6100 1.3137 0.2830 1.4831
1305031120.6200 1.3107 0.2832 1.4845
1305031120.6300 1.3078 0.2833 1.4860
1305031120.6400 1.3049 0.2835 1.4875
1305031120.6500 1.3018 0.2837 1.4889
1305031120.6600 1.2988 0.2839 1.4902
1305031120.6700 1.2962 0.2842 1.4917
1305031120.6800 1.2936 0.2844 1.4932
1305031120.6900 1.2906 0.2847 1.4947
1305031120.7000 1.2876 0.2850 1.4961
1305031120.7100 1.2845 0.2852 1.4974
1305031120.7200 1.2814 0.2854 1.4988
1305031120.7300 1.2785 0.2856 1.5003
1305031120.7400 1.2755 0.2858 1.5018
1305031120.7500 1.2727 0.2861 1.5033
1305031120.7600 1.2699 0.2863 1.5049
1305031120.7700 1.2671 0.2865 1.5065
1305031120.7800 1.2643 0.2867 1.5081
1305031120.7900 1.2616 0.2869 1.5098
1305031120.8000 1.2589 0.2871 1.5115
1305031120.8100 1.2562 0.2872 1.5131
1305031120.8200 1.2536 0.2873 1.5146
1305031120.8300 1.2509 0.2875 1.5161
1305031120.8400 1.2482 0.2876 1.5176
1305031120.8500 1.2455 0.2878 1.5193
1305031120.8600 1.2429 0.2879 1.5210
1305031120.8700 1.2403 0.2880 1.5227
1305031120.8800 1.2377 0.2882 1.5244
1305031120.8900 1.2351 0.2883 1.5260
1305031120.9000 1.2325 0.2883 1.5276
1305031120.9100 1.2300 0.2884 1.5292
1305031120.9200 1.2276 0.2885 1.5309
1305031120.9300 1.2250 0.2886 1.5325
1305031120.9400 1.2224 0.2887 1.5341
1305031120.9500 1.2200 0.2887 1.5356
1305031120.9600 1.2176 0.2888 1.5372
1305031120.9700 1.2150 0.2888 1.5389
1305031120.9800 1.2125 0.2888 1.5407
1305031120.9900 1.2102 0.2889 1.5423
1305031121.0000 1.2078 0.2889 1.5440
1305031121.0100 1.2055 0.2890 1.5457
1305031121.0200 1.2032 0.2890 1.5475
1305031121.0300 1.2007 0.2891 1.5491
1305031121.0400 1.1982 0.2892 1.5507
1305031121.0500 1.1959 0.2892 1.5524
1305031121.0600 1.1937 0.2892 1.5542
1305031121.0700 1.1915 0.2892 1.5562
1305031121.0800 1.1892 0.2892 1.5581
1305031121.0900 1.1868 0.2892 1.5598
1305031121.1000 1.1844 0.2892 1.5616
1305031121.1100 1.1822 0.2892 1.5635
1305031121.1200 1.1799 0.2893 1.5653
1305031121.1300 1.1776 0.2892 1.5672
1305031121.1400 1.1753 0.2892 1.5690
1305031121.1500 1.1730 0.2892 1.5707
1305031121.1600 1.1706 0.2892 1.5725
1305031121.1700 1.1683 0.2892 1.5743
1305031121.1800 1.1659 0.2892 1.5762
1305031121.1900 1.1635 0.2893 1.5781
1305031121.2000 1.1611 0.2893 1.5800
1305031121.2100 1.1585 0.2893 1.5819
1305031121.2200 1.1559 0.2893 1.5838
1305031121.2300 1.1533 0.2894 1.5856
1305031121.2400 1.1507 0.2895 1.5873
1305031121.2500 1.1481 0.2895 1.5889
1305031121.2600 1.1454 0.2896 1.5906
1305031121.2700 1.1429 0.2897 1.5924
1305031121.2800 1.1404 0.2898 1.5942
1305031121.2900 1.1377 0.2899 1.5959
1305031121.3000 1.1350 0.2899 1.5977
1305031121.3100 1.1323 0.2901 1.5995
1305031121.3200 1.1296 0.2902 1.6012
1305031121.3300 1.1270 0.2902 1.6029
1305031121.3400 1.1244 0.2903 1.6046
1305031121.3500 1.1218 0.2904 1.6063
1305031121.3600 1.1191 0.2904 1.6081
1305031121.3700 1.1165 0.2905 1.6098
1305031121.3800 1.1138 0.2905 1.6115
1305031121.3900 1.1113 0.2906 1.6134
1305031121.4000 1.1088 0.2906 1.6153
1305031121.4100 1.1061 0.2906 1.6172
1305031121.4200 1.1035 0.2905 1.6190
1305031121.4300 1.1010 0.2906 1.6206
1305031121.4400 1.0985 0.2907 1.6223
1305031121.4500 1.0960 0.2908 1.6240
1305031121.4600 1.0935 0.2908 1.6257
1305031121.4700 1.0909 0.2909 1.6275
1305031121.4800 1.0884 0.2909 1.6294
1305031121.4900 1.0859 0.2910 1.6313
1305031121.5000 1.0834 0.2910 1.6332
1305031121.5100 1.0809 0.2910 1.6349
1305031121.5200 1.0784 0.2910 1.6366
1305031121.5300 1.0760 0.2910 1.6382
1305031121.5400 1.0737 0.2910 1.6399
1305031121.5500 1.0712 0.2910 1.6414
1305031121.5600 1.0687 0.2909 1.6430
1305031121.5700 1.0663 0.2908 1.6447
1305031121.5800 1.0640 0.2908 1.6464
1305031121.5900 1.0618 0.2907 1.6481
1305031121.6000 1.0596 0.2907 1.6498
1305031121.6100 1.0574 0.2907 1.6513
1305031121.6200 1.0551 0.2906 1.6529
1305031121.6300 1.0528 0.2905 1.6544
1305031121.6400 1.0506 0.2905 1.6559
1305031121.6500 1.0485 0.2905 1.6573
1305031121.6600 1.0464 0.2905 1.6587
1305031121.6700 1.0443 0.2905 1.6600
1305031121.6800 1.0422 0.2905 1.6613
1305031121.6900 1.0400 0.2905 1.6625
1305031121.7000 1.0379 0.2905 1.6637
1305031121.7100 1.0358 0.2906 1.6649
1305031121.7200 1.0337 0.2907 1.6661
1305031121.7300 1.0316 0.2907 1.6671
1305031121.7400 1.0295 0.2908 1.6681
1305031121.7500 1.0275 0.2910 1.6689
1305031121.7600 1.0256 0.2911 1.6698
1305031121.7700 1.0238 0.2913 1.6706
1305031121.7800 1.0220 0.2914 1.6715
1305031121.7900 1.0202 0.2916 1.6723
1305031121.8000 1.0185 0.2918 1.6730
1305031121.8100 1.0169 0.2921 1.6737
1305031121.8200 1.0153 0.2923 1.6744
1305031121.8300 1.0140 0.2925 1.6747
1305031121.8400 1.0127 0.2928 1.6750
1305031121.8500 1.0117 0.2931 1.6751
1305031121.8600 1.0107 0.2933 1.6753
1305031121.8700 1.0098 0.2934 1.6755
1305031121.8800 1.0089 0.2936 1.6757
1305031121.8900 1.0084 0.2937 1.6757
1305031121.9000 1.0078 0.2938 1.6756
1305031121.9100 1.0078 0.2938 1.6756
1305031121.9200 1.0077 0.2939 1.6756
1305031121.9300 1.0078 0.2939 1.6754
1305031121.9400 1.0079 0.2939 1.6752
1305031121.9500 1.0082 0.2939 1.6748
1305031121.9600 1.0085 0.2939 1.6744
1305031121.9700 1.0092 0.2939 1.6739
1305031121.9800 1.0099 0.2939 1.6733
1305031121.9900 1.0107 0.2938 1.6725
1305031122.0000 1.0115 0.2937 1.6717
1305031122.0100 1.0128 0.2937 1.6709
1305031122.0200 1.0141 0.2936 1.6702
1305031122.0300 1.0156 0.2935 1.6692
1305031122.0400 1.0172 0.2934 1.6683
1305031122.0500 1.0190 0.2933 1.6671
1305031122.0600 1.0208 0.2933 1.6660
1305031122.0700 1.0229 0.2932 1.6648
1305031122.0800 1.0250 0.2931 1.6636
1305031122.0900 1.0272 0.2930 1.6622
1305031122.1000 1.0295 0.2929 1.6607
1305031122.1100 1.0319 0.2929 1.6592
1305031122.1200 1.0343 0.2928 1.6577
1305031122.1300 1.0371 0.2927 1.6560
1305031122.1400 1.0399 0.2926 1.6544
1305031122.1500 1.0429 0.2925 1.6527
1305031122.1600 1.0458 0.2924 1.6510
1305031122.1700 1.0485 0.2923 1.6490
1305031122.1800 1.0511 0.2922 1.6471
1305031122.1900 1.0542 0.2920 1.6450
1305031122.2000 1.0574 0.2919 1.6429
1305031122.2100 1.0607 0.2918 1.6408
1305031122.2200 1.0639 0.2918 1.6386
1305031122.2300 1.0673 0.2916 1.6364
1305031122.2400 1.0707 0.2915 1.6343
1305031122.2500 1.0742 0.2914 1.6323
1305031122.2600 1.0777 0.2913 1.6304
1305031122.2700 1.0811 0.2910 1.6282
1305031122.2800 1.0845 0.2908 1.6261
1305031122.2900 1.0880 0.2905 1.6239
1305031122.3000 1.0915 0.2903 1.6217
1305031122.3100 1.0951 0.2900 1.6195
1305031122.3200 1.0986 0.2897 1.6172
1305031122.3300 1.1022 0.2894 1.6151
1305031122.3400 1.1058 0.2892 1.6129
1305031122.3500 1.1094 0.2889 1.6111
1305031122.3600 1.1129 0.2887 1.6092
1305031122.3700 1.1165 0.2885 1.6074
1305031122.3800 1.1202 0.2882 1.6056
1305031122.3900 1.1237 0.2880 1.6039
1305031122.4000 1.1272 0.2878 1.6022
1305031122.4100 1.1308 0.2875 1.6006
1305031122.4200 1.1344 0.2873 1.5991
1305031122.4300 1.1380 0.2871 1.5977
1305031122.4400 1.1416 0.2869 1.5962
1305031122.4500 1.1451 0.2866 1.5946
1305031122.4600 1.1486 0.2863 1.5930
1305031122.4700 1.1521 0.2861 1.5916
1305031122.4800 1.1555 0.2858 1.5901
1305031122.4900 1.1589 0.2856 1.5886
1305031122.5000 1.1623 0.2853 1.5870
1305031122.5100 1.1656 0.2850 1.5855
1305031122.5200 1.1689 0.2848 1.5840
1305031122.5300 1.1723 0.2845 1.5825
1305031122.5400 1.1756 0.2843 1.5810
1305031122.5500 1.1790 0.2841 1.5796
1305031122.5600 1.1824 0.2839 1.5781
1305031122.5700 1.1858 0.2837 1.5766
1305031122.5800 1.1893 0.2834 1.5752
1305031122.5900 1.1927 0.2833 1.5736
1305031122.6000 1.1961 0.2832 1.5720
1305031122.6100 1.1993 0.2830 1.5705
1305031122.6200 1.2025 0.2828 1.5691
1305031122.6300 1.2057 0.2826 1.5676
1305031122.6400 1.2089 0.2824 1.5661
1305031122.6500 1.2123 0.2823 1.5646
1305031122.6600 1.2157 0.2822 1.5630
1305031122.6700 1.2189 0.2820 1.5612
1305031122.6800 1.2222 0.2818 1.5594
1305031122.6900 1.2253 0.2817 1.5577
1305031122.7000 1.2285 0.2816 1.5560
1305031122.7100 1.2317 0.2813 1.5543
1305031122.7200 1.2349 0.2811 1.5526
1305031122.7300 1.2380 0.2808 1.5507
1305031122.7400 1.2410 0.2806 1.5488
1305031122.7500 1.2440 0.2804 1.5467
1305031122.7600 1.2469 0.2803 1.5446
1305031122.7700 1.2497 0.2801 1.5425
1305031122.7800 1.2525 0.2798 1.5405
1305031122.7900 1.2553 0.2796 1.5385
1305031122.8000 1.2581 0.2794 1.5366
1305031122.8100 1.2608 0.2792 1.5346
1305031122.8200 1.2634 0.2789 1.5326
1305031122.8300 1.2659 0.2788 1.5308
1305031122.8400 1.2684 0.2787 1.5290
1305031122.8500 1.2709 0.2787 1.5272
1305031122.8600 1.2734 0.2786 1.5254
1305031122.8700 1.2759 0.2785 1.5236
1305031122.8800 1.2784 0.2784 1.5217
1305031122.8900 1.2809 0.2783 1.5200
1305031122.9000 1.2834 0.2782 1.5182
1305031122.9100 1.2858 0.2781 1.5166
1305031122.9200 1.2882 0.2780 1.5150
1305031122.9300 1.2906 0.2779 1.5134
1305031122.9400 1.2929 0.2778 1.5119
1305031122.9500 1.2952 0.2777 1.5105
1305031122.9600 1.2975 0.2776 1.5090
1305031122.9700 1.2997 0.2775 1.5074
1305031122.9800 1.3018 0.2774 1.5059
1305031122.9900 1.3041 0.2773 1.5044
1305031123.0000 1.3064 0.2772 1.5030
1305031123.0100 1.3087 0.2770 1.5016
1305031123.0200 1.3111 0.2769 1.5003
1305031123.0300 1.3133 0.2768 1.4990
1305031123.0400 1.3155 0.2767 1.4977
1305031123.0500 1.3178 0.2766 1.4962
1305031123.0600 1.3202 0.2765 1.4948
1305031123.0700 1.3225 0.2764 1.4932
1305031123.0800 1.3248 0.2763 1.4916
1305031123.0900 1.3270 0.2762 1.4899
1305031123.1000 1.3293 0.2762 1.4882
1305031123.1100 1.3315 0.2760 1.4864
1305031123.1200 1.3337 0.2758 1.4846
1305031123.1300 1.3359 0.2757 1.4828
1305031123.1400 1.3380 0.2756 1.4810
1305031123.1500 1.3403 0.2755 1.4790
1305031123.1600 1.3425 0.2753 1.4771
1305031123.1700 1.3449 0.2753 1.4750
1305031123.1800 1.3472 0.2752 1.4729
1305031123.1900 1.3495 0.2752 1.4707
1305031123.2000 1.3518 0.2752 1.4685
1305031123.2100 1.3540 0.2752 1.4662
1305031123.2200 1.3563 0.2752 1.4639
1305031123.2300 1.3586 0.2752 1.4613
1305031123.2400 1.3610 0.2752 1.4587
1305031123.2500 1.3632 0.2752 1.4561
1305031123.2600 1.3655 0.2752 1.4535
1305031123.2700 1.3679 0.2752 1.4510
1305031123.2800 1.3703 0.2753 1.4485
1305031123.2900 1.3724 0.2753 1.4461
1305031123.3000 1.3745 0.2754 1.4436
1305031123.3100 1.3767 0.2755 1.4411
1305031123.3200 1.3789 0.2756 1.4387
1305031123.3300 1.3811 0.2756 1.4364
1305031123.3400 1.3833 0.2757 1.4341
1305031123.3500 1.3853 0.2758 1.4319
1305031123.3600 1.3874 0.2759 1.4297
1305031123.3700 1.3897 0.2760 1.4275
1305031123.3800 1.3920 0.2760 1.4253
1305031123.3900 1.3941 0.2761 1.4233
1305031123.4000 1.3961 0.2762 1.4213
1305031123.4100 1.3981 0.2762 1.4194
1305031123.4200 1.4001 0.2763 1.4175
1305031123.4300 1.4022 0.2764 1.4156
1305031123.4400 1.4044 0.2764 1.4138
1305031123.4500 1.4065 0.2765 1.4120
1305031123.4600 1.4086 0.2767 1.4102
1305031123.4700 1.4108 0.2767 1.4083
1305031123.4800 1.4129 0.2768 1.4064
1305031123.4900 1.4149 0.2769 1.4047
1305031123.5000 1.4168 0.2771 1.4029
1305031123.5100 1.4187 0.2771 1.4013
1305031123.5200 1.4206 0.2772 1.3996
1305031123.5300 1.4226 0.2773 1.3979
1305031123.5400 1.4245 0.2774 1.3962
1305031123.5500 1.4264 0.2776 1.3946
1305031123.5600 1.4282 0.2778 1.3929
1305031123.5700 1.4299 0.2780 1.3913
1305031123.5800 1.4316 0.2781 1.3897
1305031123.5900 1.4332 0.2783 1.3881
1305031123.6000 1.4349 0.2784 1.3864
1305031123.6100 1.4367 0.2785 1.3847
1305031123.6200 1.4386 0.2787 1.3830
1305031123.6300 1.4404 0.2788 1.3814
1305031123.6400 1.4421 0.2790 1.3798
1305031123.6500 1.4437 0.2791 1.3781
1305031123.6600 1.4454 0.2792 1.3765
1305031123.6700 1.4471 0.2794 1.3750
1305031123.6800 1.4488 0.2795 1.3736
1305031123.6900 1.4503 0.2797 1.3722
1305031123.7000 1.4517 0.2798 1.3709
1305031123.7100 1.4528 0.2799 1.3697
1305031123.7200 1.4540 0.2800 1.3684
1305031123.7300 1.4554 0.2801 1.3676
1305031123.7400 1.4569 0.2802 1.3667
1305031123.7500 1.4579 0.2802 1.3659
1305031123.7600 1.4587 0.2802 1.3652
