-0.005118 -0.011428 0.132232
-0.004821 -0.011675 0.129429
-0.004578 -0.012128 0.126712
-0.004308 -0.012260 0.123612
-0.003961 -0.012507 0.120814
-0.003694 -0.012985 0.117815
-0.003416 -0.013193 0.114652
-0.003144 -0.013466 0.111564
-0.002940 -0.013791 0.108689
-0.002711 -0.014142 0.105534
-0.002510 -0.014236 0.102068
-0.002267 -0.014880 0.098797
-0.002145 -0.015205 0.095131
-0.001991 -0.015582 0.091687
-0.001760 -0.016214 0.088556
-0.001602 -0.016435 0.084457
-0.001414 -0.017145 0.081258
-0.001205 -0.017506 0.077175
-0.000947 -0.017867 0.073097
-0.000863 -0.018115 0.068708
-0.000749 -0.019133 0.065245
-0.000596 -0.019610 0.060669
-0.000400 -0.020009 0.056161
-0.000175 -0.020806 0.051976
0.000053 -0.021257 0.047689
0.000131 -0.021760 0.042823
0.000336 -0.022519 0.038277
0.000560 -0.023315 0.034091
0.000778 -0.024227 0.029417
0.000955 -0.024638 0.023982
0.001242 -0.025587 0.019673
0.001439 -0.026178 0.014612
0.001751 -0.027153 0.010022
0.001986 -0.027871 0.005118
0.002309 -0.028576 0.000363
0.002700 -0.029319 -0.004026
0.002911 -0.030063 -0.009215
0.003371 -0.030894 -0.013804
0.003675 -0.031701 -0.018908
0.004042 -0.032469 -0.023582
0.004404 -0.033443 -0.028167
0.004679 -0.034430 -0.032901
0.005051 -0.035134 -0.037652
0.005312 -0.035968 -0.042258
0.005666 -0.036724 -0.046792
0.005965 -0.037545 -0.051254
0.006263 -0.038225 -0.055728
0.006661 -0.039044 -0.060181
0.007003 -0.039788 -0.064575
0.007407 -0.040543 -0.069104
0.007763 -0.041440 -0.073625
0.008218 -0.042335 -0.078138
0.008678 -0.043166 -0.082727
0.009176 -0.043984 -0.087172
0.009631 -0.044879 -0.091684
0.010092 -0.045710 -0.096273
0.010565 -0.046503 -0.100437
0.011063 -0.047321 -0.104881
0.011493 -0.048192 -0.109113
0.012029 -0.048997 -0.113413
0.012464 -0.049803 -0.117722
0.012988 -0.050595 -0.121881
0.013405 -0.051453 -0.125973
0.013923 -0.052310 -0.130056
0.014433 -0.052949 -0.134087
0.014825 -0.053642 -0.137911
0.015373 -0.054408 -0.141785
0.015876 -0.054971 -0.145753
0.016398 -0.055572 -0.149359
0.016928 -0.056250 -0.153030
0.017480 -0.056671 -0.157006
0.017947 -0.057337 -0.160540
0.018462 -0.057862 -0.164082
0.018983 -0.058181 -0.167714
0.019450 -0.058847 -0.171248
0.020065 -0.059370 -0.174782
0.020550 -0.059794 -0.177979
0.021104 -0.060446 -0.181365
0.021601 -0.060881 -0.184703
0.022103 -0.061253 -0.188117
0.022539 -0.061817 -0.191307
0.023055 -0.062292 -0.194284
0.023489 -0.062575 -0.197499
0.023987 -0.063151 -0.200824
0.024559 -0.063701 -0.203861
0.024976 -0.064177 -0.206846
0.025499 -0.064728 -0.209887
0.025976 -0.065074 -0.213021
0.026413 -0.065730 -0.215632
0.026941 -0.066075 -0.218762
0.027426 -0.066639 -0.221947
0.027893 -0.067114 -0.224928
0.028398 -0.067717 -0.227752
0.028921 -0.068268 -0.230793
0.029368 -0.068654 -0.233570
0.029935 -0.069268 -0.236529
0.030476 -0.069717 -0.239221
0.031025 -0.070383 -0.241964
0.031572 -0.070768 -0.244733
0.032022 -0.071576 -0.247472
0.032619 -0.071960 -0.250236
0.033137 -0.072525 -0.252634
0.033599 -0.073154 -0.254961
0.034096 -0.073489 -0.257168
0.034596 -0.074106 -0.259349
0.035107 -0.074594 -0.261684
0.035531 -0.075046 -0.263602
0.035981 -0.075663 -0.265788
0.036460 -0.076050 -0.267778
0.036928 -0.076565 -0.269616
0.037328 -0.076992 -0.271253
0.037617 -0.077689 -0.272733
0.037942 -0.078092 -0.274094
0.038284 -0.078252 -0.275119
0.038516 -0.078682 -0.275987
0.038629 -0.078885 -0.276672
0.038729 -0.079074 -0.277216
0.038803 -0.079098 -0.277493
0.038853 -0.079098 -0.277488
0.038827 -0.078932 -0.277220
0.038740 -0.078755 -0.276816
0.038672 -0.078757 -0.276038
0.038603 -0.078477 -0.275285
0.038446 -0.078161 -0.274115
0.038196 -0.077732 -0.272465
0.037858 -0.077176 -0.270976
0.037613 -0.076351 -0.268862
0.037362 -0.075731 -0.266658
0.036937 -0.074947 -0.264200
0.036441 -0.073934 -0.261554
0.035934 -0.073050 -0.258755
0.035458 -0.072075 -0.255747
0.034889 -0.071179 -0.252813
0.034332 -0.070105 -0.249465
0.033713 -0.069018 -0.245981
0.033142 -0.067790 -0.242506
0.032554 -0.066613 -0.238814
0.031854 -0.065567 -0.234977
0.031177 -0.064264 -0.231447
0.030564 -0.063063 -0.227474
0.029887 -0.061709 -0.223377
0.029187 -0.060522 -0.219553
0.028599 -0.059436 -0.215283
0.027993 -0.058311 -0.211374
0.027386 -0.057187 -0.207465
0.026817 -0.056049 -0.203412
0.026093 -0.054978 -0.199294
0.025574 -0.053981 -0.195224
0.024894 -0.052973 -0.191026
0.024283 -0.052054 -0.187028
0.023641 -0.051174 -0.182673
0.023055 -0.050229 -0.178390
0.022456 -0.049271 -0.173967
0.021906 -0.048172 -0.169552
0.021338 -0.047125 -0.164920
0.020772 -0.046219 -0.160276
0.020222 -0.045120 -0.155861
0.019687 -0.044265 -0.150995
0.019126 -0.043295 -0.146427
0.018546 -0.042376 -0.141643
0.018002 -0.041213 -0.137304
0.017516 -0.040216 -0.132447
0.017005 -0.039245 -0.127875
0.016476 -0.038466 -0.123073
0.015959 -0.037559 -0.118425
0.015434 -0.036435 -0.113724
0.014897 -0.035298 -0.108884
0.014511 -0.034300 -0.104018
0.013960 -0.033060 -0.099616
0.013488 -0.032307 -0.094308
0.012983 -0.031272 -0.089812
0.012579 -0.030466 -0.084717
0.012087 -0.029534 -0.079784
0.011552 -0.028679 -0.074918
0.011048 -0.027734 -0.069844
0.010617 -0.026672 -0.065059
0.010137 -0.025752 -0.060266
0.009607 -0.024692 -0.055489
0.009060 -0.023824 -0.050483
0.008611 -0.022814 -0.045482
0.008031 -0.021896 -0.040697
0.007513 -0.020848 -0.036061
0.006926 -0.019571 -0.031237
0.006401 -0.018446 -0.026537
0.006003 -0.017577 -0.021518
0.005435 -0.016530 -0.016887
0.004886 -0.015572 -0.012459
0.004393 -0.014498 -0.007538
0.003893 -0.013399 -0.003119
0.003294 -0.012300 0.001292
0.002769 -0.011176 0.005992
0.002270 -0.010217 0.010424
0.001789 -0.009206 0.014639
0.001333 -0.008170 0.019139
0.000773 -0.007341 0.023720
0.000360 -0.006278 0.027722
-0.000270 -0.005269 0.031925
-0.000690 -0.004129 0.035991
-0.001129 -0.002951 0.039696
-0.001547 -0.002093 0.043788
-0.001992 -0.000978 0.047570
-0.002460 -0.000121 0.051657
-0.002891 0.000840 0.055311
-0.003229 0.001738 0.059050
-0.003598 0.002688 0.062567
-0.004005 0.003674 0.066506
-0.004362 0.004611 0.069884
-0.004692 0.005292 0.073571
-0.005084 0.005934 0.076829
-0.005384 0.006654 0.080159
-0.005666 0.007567 0.083260
-0.006059 0.008209 0.086518
-0.006440 0.008980 0.089623
-0.006700 0.009431 0.093123
-0.006929 0.009922 0.096266
-0.007318 0.010719 0.098870
-0.007617 0.011248 0.101647
-0.007846 0.011739 0.104790
-0.008157 0.012140 0.107720
-0.008335 0.012350 0.110893
-0.008707 0.012712 0.113393
-0.009056 0.013240 0.116166
-0.009284 0.013449 0.119334
-0.009620 0.013965 0.121967
-0.010011 0.014275 0.124684
-0.010353 0.014727 0.127393
-0.010650 0.014974 0.130195
-0.010947 0.015221 0.132998
-0.011326 0.015519 0.135575
-0.011596 0.015510 0.138687
-0.011844 0.015849 0.140916
-0.012178 0.016083 0.143573
-0.012470 0.016344 0.145734
-0.012765 0.016310 0.148561
-0.012920 0.016585 0.150875
-0.013178 0.016514 0.153281
-0.013412 0.016749 0.155947
-0.013573 0.016961 0.158337
-0.013833 0.017171 0.160719
-0.014142 0.017380 0.163096
-0.014402 0.017590 0.165477
-0.014617 0.017596 0.167952
-0.014858 0.017717 0.170129
-0.015018 0.017929 0.172519
-0.015252 0.017973 0.174632
-0.015455 0.017966 0.176966
-0.015596 0.018089 0.179152
-0.015801 0.018314 0.180896
-0.015917 0.018462 0.183366
-0.016183 0.018557 0.185259
-0.016392 0.018627 0.187657
-0.016510 0.019006 0.189537
-0.016727 0.019103 0.191433
-0.016806 0.019214 0.193483
-0.016825 0.019735 0.195359
-0.016993 0.019973 0.197247
-0.017060 0.020072 0.199157
-0.017220 0.020283 0.201547
-0.017287 0.020382 0.203456
-0.017404 0.020620 0.205349
-0.017422 0.020860 0.207250
-0.017531 0.020932 0.209657
-0.017638 0.021299 0.211396
-0.017738 0.021780 0.213625
-0.017730 0.022046 0.215812
-0.017806 0.022503 0.217760
-0.017800 0.022909 0.219933
-0.017843 0.023315 0.222103
-0.017881 0.023785 0.224196
-0.017930 0.024126 0.226441
-0.017850 0.024508 0.228339
-0.017882 0.025043 0.230355
-0.017775 0.025310 0.232550
-0.017837 0.025613 0.234370
-0.017681 0.026022 0.236557
-0.017631 0.026314 0.238246
-0.017573 0.027158 0.239744
-0.017553 0.027270 0.241803
-0.017364 0.028155 0.242952
-0.017372 0.028614 0.244123
-0.017316 0.029021 0.246300
-0.017336 0.029493 0.247611
-0.017170 0.029979 0.249079
-0.017151 0.030323 0.250547
-0.017017 0.030861 0.251794
-0.016931 0.031257 0.253049
-0.016816 0.031357 0.255758
-0.016737 0.031971 0.257065
-0.016652 0.032508 0.258307
-0.016454 0.032893 0.259431
-0.016369 0.033430 0.260674
-0.016221 0.033815 0.261793
-0.016049 0.034316 0.262619
-0.015765 0.034805 0.263313
-0.015642 0.035164 0.264147
-0.015502 0.035716 0.264752
-0.015360 0.035986 0.265382
-0.015239 0.036577 0.265626
-0.014929 0.036901 0.266052
-0.014794 0.037197 0.266180
-0.014596 0.037341 0.266185
-0.014416 0.037382 0.265841
-0.014218 0.037476 0.265280
-0.013981 0.037301 0.264889
-0.013787 0.037048 0.264429
-0.013607 0.037039 0.263519
-0.013371 0.036814 0.262563
-0.013189 0.036524 0.261678
-0.012929 0.036364 0.259862
-0.012706 0.036241 0.258467
-0.012568 0.035823 0.256949
-0.012386 0.035341 0.255511
-0.012179 0.034835 0.253793
-0.011979 0.034405 0.252138
-0.011677 0.034363 0.249247
-0.011572 0.034087 0.246929
-0.011552 0.033424 0.245065
-0.011502 0.033082 0.242819
-0.011455 0.032113 0.240700
-0.011266 0.031314 0.238080
-0.011153 0.030628 0.235157
-0.010995 0.029739 0.232328
-0.010811 0.028875 0.229784
-0.010686 0.028177 0.226721
-0.010579 0.027428 0.223875
-0.010548 0.026934 0.220715
-0.010380 0.026314 0.217721
-0.010305 0.025756 0.214641
-0.010228 0.024917 0.211587
-0.010178 0.024193 0.208235
-0.010059 0.023572 0.205236
-0.010003 0.022912 0.201807
-0.009927 0.022214 0.198740
-0.009698 0.021673 0.195032
-0.009672 0.020974 0.191960
-0.009518 0.020456 0.188528
-0.009371 0.020106 0.184581
-0.009243 0.019845 0.180839
-0.009120 0.019429 0.177751
-0.009082 0.018909 0.175093
-0.008923 0.018547 0.171006
-0.008899 0.018079 0.167344
-0.008744 0.017421 0.163924
-0.008606 0.016902 0.161274
-0.008453 0.016525 0.157829
-0.008363 0.016201 0.153376
-0.008126 0.015633 0.150169
-0.008065 0.015179 0.146652
-0.007832 0.014983 0.142842
-0.007728 0.014606 0.139393
-0.007586 0.014151 0.136666
-0.007463 0.013635 0.132447
-0.007265 0.013145 0.128517
-0.007037 0.012744 0.124796
-0.006882 0.012227 0.121364
-0.006640 0.011673 0.117515
-0.006429 0.011080 0.114023
-0.006188 0.010667 0.110161
-0.005891 0.010229 0.106806
-0.005519 0.009766 0.103174
-0.005219 0.009046 0.099844
-0.004846 0.008442 0.096224
-0.004494 0.008159 0.092219
-0.004164 0.007529 0.089097
-0.003874 0.007117 0.085240
-0.003505 0.006359 0.082275
-0.003189 0.005972 0.078703
-0.002842 0.005534 0.075351
-0.002508 0.005199 0.071562
-0.002204 0.004684 0.068143
-0.001900 0.004169 0.064724
-0.001652 0.003730 0.061364
-0.001247 0.003076 0.057966
-0.000975 0.002612 0.054325
-0.000682 0.001968 0.051059
-0.000359 0.001364 0.047435
-0.000024 0.000888 0.043659
0.000311 0.000412 0.039882
0.000540 -0.000079 0.036739
0.000821 -0.000760 0.033047
0.001150 -0.001300 0.029347
0.001465 -0.001687 0.025775
0.001706 -0.002100 0.021914
0.001972 -0.002487 0.018337
0.002251 -0.003028 0.014633
0.002567 -0.003555 0.011073
0.002827 -0.003866 0.007560
0.002998 -0.004190 0.003899
0.003304 -0.004846 0.000492
0.003531 -0.005106 -0.003242
0.003833 -0.005339 -0.006686
0.004081 -0.005779 -0.010046
0.004428 -0.006216 -0.013397
0.004671 -0.006720 -0.016681
0.005103 -0.006912 -0.020474
0.005312 -0.007224 -0.023991
0.005642 -0.007854 -0.027112
0.005908 -0.008292 -0.031255
0.006231 -0.008896 -0.034878
0.006523 -0.009449 -0.038723
0.006947 -0.010333 -0.042313
0.007333 -0.010949 -0.046072
0.007569 -0.011567 -0.049845
0.007943 -0.012312 -0.053452
0.008353 -0.012952 -0.057492
0.008708 -0.013658 -0.061460
0.009213 -0.014502 -0.065403
0.009523 -0.015144 -0.069452
0.009886 -0.016067 -0.073471
0.010234 -0.016696 -0.077376
0.010577 -0.017530 -0.081191
0.010969 -0.018222 -0.085014
0.011437 -0.019080 -0.089102
0.011730 -0.019915 -0.092921
0.012112 -0.020876 -0.096580
0.012543 -0.021837 -0.100233
0.012869 -0.022723 -0.103832
0.013205 -0.023481 -0.107583
0.013548 -0.024174 -0.111411
0.013810 -0.024907 -0.114886
0.014123 -0.025781 -0.118344
0.014391 -0.026590 -0.121883
0.014642 -0.027452 -0.125206
0.014855 -0.028327 -0.128672
0.015174 -0.029136 -0.132207
0.015336 -0.029871 -0.135691
0.015544 -0.030810 -0.139081
0.015731 -0.031520 -0.142280
0.015888 -0.032319 -0.145687
0.016020 -0.033143 -0.149379
0.016172 -0.034147 -0.152698
0.016262 -0.035140 -0.155880
0.016406 -0.035926 -0.159147
0.016607 -0.036789 -0.162473
0.016735 -0.037768 -0.165511
0.016886 -0.038632 -0.168842
0.017075 -0.039622 -0.172016
0.017352 -0.040600 -0.175040
0.017535 -0.041514 -0.178150
0.017750 -0.042479 -0.181039
0.017944 -0.043215 -0.183736
0.018201 -0.043962 -0.186569
0.018377 -0.044800 -0.189614
0.018685 -0.045687 -0.192431
0.018936 -0.046499 -0.195187
0.019082 -0.047376 -0.197876
0.019489 -0.048262 -0.200683
0.019679 -0.049202 -0.203291
0.019930 -0.050014 -0.206048
0.020174 -0.050749 -0.208740
0.020420 -0.051624 -0.211421
0.020708 -0.052423 -0.214032
0.020960 -0.053375 -0.216776
0.021237 -0.054302 -0.219235
0.021521 -0.055305 -0.221758
0.021854 -0.056167 -0.224289
0.022163 -0.057145 -0.226527
0.022470 -0.057841 -0.228790
0.022728 -0.058679 -0.231045
0.022960 -0.059351 -0.233032
0.023175 -0.060075 -0.234802
0.023369 -0.060569 -0.236380
0.023501 -0.061051 -0.237822
0.023658 -0.061367 -0.238992
0.023684 -0.061724 -0.239813
0.023820 -0.061810 -0.240791
0.023964 -0.061922 -0.241267
0.024099 -0.061817 -0.241692
0.024286 -0.061852 -0.242100
0.024509 -0.061733 -0.242376
0.024607 -0.061450 -0.242393
0.024748 -0.061230 -0.242328
0.024759 -0.060911 -0.241928
0.024702 -0.060644 -0.241315
0.024675 -0.060146 -0.240507
0.024602 -0.059444 -0.239791
0.024489 -0.059051 -0.238553
0.024306 -0.058478 -0.237694
0.024105 -0.057908 -0.236051
0.023933 -0.057157 -0.234779
0.023631 -0.056447 -0.233158
0.023410 -0.055646 -0.231324
0.023120 -0.054757 -0.229291
0.022936 -0.053803 -0.227325
0.022621 -0.052889 -0.225010
0.022337 -0.051886 -0.222487
0.022071 -0.050690 -0.220194
0.021792 -0.049622 -0.217747
0.021632 -0.048451 -0.214943
0.021291 -0.047231 -0.212373
0.021019 -0.046048 -0.209438
0.020765 -0.044814 -0.206719
0.020426 -0.043826 -0.203558
0.020146 -0.042426 -0.200571
0.019856 -0.041295 -0.197419
0.019526 -0.039897 -0.194436
0.019223 -0.038613 -0.191156
0.018932 -0.037342 -0.188016
0.018627 -0.035917 -0.184748
0.018223 -0.034494 -0.181489
0.017945 -0.033185 -0.177923
0.017672 -0.031812 -0.174435
0.017393 -0.030361 -0.170882
0.017132 -0.029000 -0.167533
0.016923 -0.027729 -0.163602
0.016663 -0.026368 -0.160254
0.016453 -0.024956 -0.156335
0.016042 -0.023406 -0.152447
0.015776 -0.021918 -0.148469
0.015429 -0.020521 -0.144704
0.015163 -0.019174 -0.140713
0.014865 -0.017775 -0.136944
0.014495 -0.016494 -0.132885
0.014273 -0.015210 -0.128814
0.013914 -0.013941 -0.124896
0.013594 -0.012800 -0.120821
0.013242 -0.011608 -0.116966
0.012810 -0.010506 -0.113325
0.012484 -0.009429 -0.109174
0.012072 -0.008506 -0.105158
0.011551 -0.007227 -0.101113
0.011213 -0.006138 -0.096821
0.010762 -0.004897 -0.092410
0.010424 -0.003807 -0.088118
0.009941 -0.002515 -0.083928
0.009490 -0.001273 -0.079517
0.009033 -0.000096 -0.075029
0.008701 0.000916 -0.070801
0.008214 0.002004 -0.066522
0.007869 0.003170 -0.062166
0.007401 0.004218 -0.057526
0.007068 0.005563 -0.052757
0.006711 0.006601 -0.048248
0.006392 0.007792 -0.043607
0.006033 0.009112 -0.039123
0.005762 0.010395 -0.035056
0.005541 0.011729 -0.030419
0.005258 0.012883 -0.026200
0.005024 0.014179 -0.021988
0.004748 0.015257 -0.017832
0.004504 0.016283 -0.013455
0.004322 0.017298 -0.009214
0.004095 0.018518 -0.005066
0.003874 0.019661 -0.000982
0.003760 0.020728 0.003046
0.003528 0.021742 0.007283
0.003346 0.022758 0.011524
0.003000 0.024014 0.015302
0.002842 0.025004 0.019262
0.002523 0.026005 0.023350
0.002316 0.026994 0.027306
0.002003 0.027918 0.031330
0.001711 0.028662 0.035728
0.001392 0.029612 0.039250
0.001085 0.030600 0.043197
0.000817 0.031320 0.047314
0.000530 0.032219 0.051058
0.000174 0.033065 0.055013
-0.000245 0.034014 0.058527
-0.000582 0.034771 0.062278
-0.000862 0.035453 0.065970
-0.001224 0.036185 0.069436
-0.001541 0.036853 0.072984
-0.001903 0.037585 0.076450
-0.002220 0.038112 0.080010
-0.002575 0.038768 0.083412
-0.002911 0.039334 0.086611
-0.003264 0.039707 0.090038
-0.003588 0.040402 0.093084
-0.003938 0.041071 0.095844
-0.004222 0.041356 0.099072
-0.004546 0.041910 0.102130
-0.004930 0.042144 0.104783
-0.005304 0.042697 0.107837
-0.005694 0.043007 0.110554
-0.006152 0.043174 0.114062
-0.006428 0.043909 0.115968
-0.006987 0.043497 0.120159
-0.007410 0.043999 0.122643
-0.007806 0.044104 0.125449
-0.008358 0.044284 0.128306
-0.008804 0.044529 0.131096
-0.009300 0.044773 0.133881
-0.009751 0.044813 0.136759
-0.010184 0.044905 0.139421
-0.010711 0.045110 0.142563
-0.011126 0.045304 0.145573
-0.011655 0.045881 0.148112
-0.012128 0.045573 0.151874
-0.012475 0.045820 0.154672
-0.012952 0.046026 0.157819
-0.013260 0.046144 0.160774
-0.013584 0.046839 0.163820
-0.014011 0.047096 0.167536
-0.014352 0.047457 0.170823
-0.014504 0.047552 0.174293
-0.014795 0.047914 0.177585
-0.015121 0.047980 0.180757
-0.015335 0.048087 0.184363
-0.015507 0.048361 0.187459
-0.015696 0.048443 0.190784
-0.015924 0.048652 0.193952
-0.015990 0.048851 0.196993
-0.016184 0.048728 0.200407
-0.016288 0.048914 0.203303
-0.016425 0.049432 0.205953
-0.016433 0.049415 0.208947
-0.016487 0.049601 0.211847
-0.016471 0.049559 0.214560
-0.016482 0.049773 0.216963
-0.016366 0.049732 0.219685
-0.016329 0.049459 0.222206
-0.016259 0.049572 0.224269
-0.016052 0.049700 0.226485
-0.015984 0.049326 0.228662
-0.015740 0.049417 0.230457
-0.015477 0.049559 0.232035
-0.015307 0.049482 0.233553
-0.015067 0.049317 0.234871
-0.014854 0.049268 0.235892
-0.014528 0.049066 0.236794
-0.014344 0.048786 0.237619
-0.014119 0.048674 0.237933
-0.013937 0.048484 0.238180
-0.013593 0.048284 0.238299
-0.013231 0.048136 0.238202
-0.012950 0.048038 0.237879
-0.012721 0.048030 0.236973
-0.012421 0.047843 0.236446
-0.012292 0.047834 0.235532
-0.011985 0.047379 0.234388
-0.011669 0.047335 0.233066
-0.011358 0.047035 0.231267
-0.011147 0.046874 0.229447
-0.010918 0.046625 0.227422
-0.010577 0.046505 0.225254
-0.010423 0.046229 0.222940
-0.010150 0.045866 0.220431
-0.010003 0.045758 0.217603
-0.009645 0.045639 0.214652
-0.009509 0.045262 0.211990
-0.009374 0.044974 0.208749
-0.009097 0.044906 0.205573
-0.008957 0.044683 0.202256
-0.008821 0.044255 0.199028
-0.008751 0.044211 0.195333
-0.008683 0.043679 0.191751
-0.008582 0.043534 0.187711
-0.008410 0.043159 0.183484
-0.008301 0.042795 0.179393
-0.008365 0.042264 0.175016
-0.008256 0.041900 0.170925
-0.008066 0.041577 0.166481
-0.007982 0.041188 0.162104
-0.007943 0.041004 0.157635
-0.007778 0.040706 0.153472
-0.007793 0.040315 0.149087
-0.007765 0.040002 0.144770
-0.007712 0.039524 0.140185
-0.007672 0.039148 0.135162
-0.007511 0.038554 0.131666
-0.007563 0.037960 0.126583
-0.007498 0.036992 0.123682
-0.007417 0.036925 0.118137
-0.007389 0.036471 0.113833
-0.007372 0.036030 0.109669
-0.007256 0.035590 0.105514
-0.007227 0.035136 0.101209
-0.007129 0.034644 0.097271
-0.007015 0.034486 0.093091
-0.006941 0.033879 0.089445
-0.006865 0.033707 0.085121
-0.006668 0.033358 0.081178
-0.006619 0.032724 0.077248
-0.006446 0.032209 0.073033
-0.006382 0.031859 0.068296
-0.006164 0.031189 0.064740
-0.005950 0.030982 0.060003
-0.005808 0.030426 0.056145
-0.005657 0.030281 0.052109
-0.005410 0.029933 0.048171
-0.005094 0.029355 0.044046
-0.004916 0.028954 0.040320
-0.004649 0.028375 0.036191
-0.004323 0.028067 0.031900
-0.004020 0.027642 0.027902
-0.003750 0.027409 0.023671
-0.003408 0.026857 0.019831
-0.003081 0.026408 0.015553
-0.002703 0.026009 0.011844
-0.002419 0.025623 0.007485
-0.001999 0.025252 0.003280
-0.001572 0.024804 -0.000990
-0.001225 0.024316 -0.004907
-0.000761 0.024022 -0.009044
-0.000352 0.023523 -0.013097
0.000081 0.023139 -0.017443
0.000509 0.022550 -0.021700
0.000993 0.022026 -0.026029
0.001465 0.021374 -0.030206
0.002018 0.020762 -0.034735
0.002427 0.020262 -0.038787
0.003054 0.019676 -0.043027
0.003577 0.019025 -0.047199
0.004203 0.018580 -0.051451
0.004724 0.018069 -0.055636
0.005389 0.017446 -0.060297
0.005955 0.016731 -0.064388
0.006650 0.016198 -0.068840
0.007234 0.015535 -0.073148
0.007991 0.015130 -0.077749
0.008701 0.014353 -0.081751
0.009447 0.013680 -0.086186
0.010162 0.013108 -0.090277
0.010920 0.012422 -0.094853
0.011691 0.011774 -0.099003
0.012427 0.010832 -0.103273
0.013154 0.010247 -0.107504
0.013970 0.009395 -0.111561
0.014705 0.008593 -0.115844
0.015490 0.007651 -0.120109
0.016263 0.006722 -0.124235
0.017082 0.005588 -0.128267
0.017781 0.004541 -0.132103
0.018500 0.003406 -0.136144
0.019155 0.002423 -0.140061
0.019823 0.001428 -0.144118
0.020429 0.000444 -0.148040
0.021031 -0.000886 -0.151860
0.021576 -0.002139 -0.155620
0.022128 -0.003470 -0.159445
0.022681 -0.004800 -0.163269
0.023225 -0.005913 -0.167042
0.023771 -0.007166 -0.170802
0.024193 -0.008538 -0.174278
0.024683 -0.009856 -0.177966
0.025122 -0.011035 -0.181672
0.025642 -0.012123 -0.185164
0.026026 -0.013507 -0.188784
0.026354 -0.014816 -0.192345
0.026752 -0.016162 -0.195541
0.027080 -0.017470 -0.199101
0.027326 -0.018588 -0.202900
0.027660 -0.019782 -0.205972
0.027876 -0.021079 -0.209401
0.028092 -0.022377 -0.212831
0.028327 -0.023572 -0.215911
0.028513 -0.024909 -0.218983
0.028783 -0.025860 -0.222509
0.028910 -0.026839 -0.225547
0.028990 -0.028050 -0.227998
0.028970 -0.029263 -0.230458
0.029234 -0.030087 -0.233355
0.029331 -0.031106 -0.236036
0.029409 -0.032177 -0.238499
0.029563 -0.033221 -0.240674
0.029684 -0.034073 -0.243082
0.029739 -0.035119 -0.245265
0.029812 -0.036203 -0.247087
0.029901 -0.036864 -0.249728
0.029980 -0.037884 -0.251626
0.030138 -0.038723 -0.253890
0.030254 -0.039589 -0.255656
0.030444 -0.040480 -0.257698
0.030540 -0.041116 -0.259273
0.030649 -0.041906 -0.260975
0.030696 -0.042684 -0.262541
0.030637 -0.043336 -0.263486
0.030628 -0.044038 -0.264992
0.030618 -0.044549 -0.265946
0.030595 -0.045048 -0.266759
0.030590 -0.045303 -0.267235
0.030629 -0.045622 -0.267631
0.030555 -0.045739 -0.267343
0.030488 -0.045791 -0.267130
0.030406 -0.045691 -0.266790
0.030350 -0.045564 -0.266165
0.030189 -0.045453 -0.264906
0.030058 -0.045162 -0.264017
0.029863 -0.044719 -0.263004
0.029701 -0.044417 -0.261193
0.029531 -0.043806 -0.259908
0.029293 -0.043339 -0.257832
0.029122 -0.042538 -0.255994
0.028809 -0.041765 -0.253667
0.028488 -0.040916 -0.251276
0.028112 -0.040131 -0.248813
0.027829 -0.039128 -0.246290
0.027521 -0.038241 -0.243474
0.027088 -0.037189 -0.240399
0.026717 -0.036149 -0.237459
0.026291 -0.035174 -0.234447
0.025915 -0.034199 -0.231431
0.025426 -0.033212 -0.228284
0.025019 -0.032135 -0.224923
0.024618 -0.031135 -0.221626
0.024098 -0.030047 -0.218134
0.023610 -0.029010 -0.214421
0.023165 -0.027895 -0.210639
0.022615 -0.026847 -0.206790
0.022140 -0.025913 -0.202638
0.021628 -0.024851 -0.198644
0.021135 -0.024019 -0.194842
0.020550 -0.023215 -0.190547
0.020036 -0.022013 -0.186565
0.019556 -0.021143 -0.182337
0.018975 -0.020134 -0.178131
0.018490 -0.019328 -0.173827
0.017990 -0.018228 -0.169407
0.017503 -0.017282 -0.165116
0.016931 -0.016440 -0.160395
0.016432 -0.015481 -0.155963
0.015920 -0.014510 -0.151391
0.015447 -0.013667 -0.146662
0.014911 -0.012721 -0.142374
0.014332 -0.011802 -0.137590
0.013703 -0.010884 -0.132809
0.013073 -0.009826 -0.128041
0.012561 -0.008663 -0.122916
0.011943 -0.007567 -0.117723
0.011338 -0.006341 -0.112683
0.010689 -0.005194 -0.107711
0.010041 -0.004187 -0.102726
0.009394 -0.003270 -0.097163
0.008720 -0.002148 -0.092476
0.008035 -0.001104 -0.087071
0.007441 0.000109 -0.082171
0.006756 0.001153 -0.076765
0.006150 0.002378 -0.071725
0.005497 0.003371 -0.066098
0.004834 0.004672 -0.060998
0.004292 0.005795 -0.055516
0.003686 0.007020 -0.050476
0.003125 0.008041 -0.045342
0.002465 0.009060 -0.040217
0.001922 0.010133 -0.035300
0.001319 0.010936 -0.030222
0.000783 0.011932 -0.025369
0.000046 0.013206 -0.020559
-0.000435 0.014267 -0.015778
-0.000977 0.015340 -0.010861
-0.001472 0.016695 -0.005965
-0.002020 0.017512 -0.001525
-0.002551 0.018573 0.003251
-0.003017 0.019339 0.007917
-0.003472 0.020235 0.012429
-0.003920 0.021053 0.016878
-0.004317 0.021732 0.021344
-0.004753 0.022538 0.025652
-0.005189 0.023344 0.029961
-0.005631 0.024086 0.034346
-0.006094 0.025149 0.038344
-0.006424 0.026021 0.042584
-0.006698 0.026817 0.046766
-0.007040 0.027560 0.051159
-0.007427 0.028508 0.055459
-0.007743 0.029086 0.059585
-0.007995 0.030089 0.062894
-0.008293 0.030718 0.066803
-0.008542 0.031349 0.070716
-0.008852 0.031991 0.074765
-0.009151 0.032761 0.078661
-0.009355 0.033328 0.082654
-0.009604 0.033959 0.086567
-0.009843 0.034949 0.089737
-0.009974 0.035633 0.093441
-0.010125 0.036496 0.096772
-0.010238 0.037231 0.100260
-0.010282 0.038020 0.103536
-0.010295 0.038565 0.106479
-0.010307 0.039111 0.109423
-0.010281 0.039529 0.112524
-0.010179 0.040360 0.114668
-0.010122 0.040817 0.117412
-0.009926 0.041535 0.119076
-0.009658 0.041983 0.121697
-0.009441 0.042470 0.123169
-0.009066 0.043370 0.124477
-0.008738 0.043847 0.125817
-0.008290 0.044286 0.127528
-0.007842 0.044534 0.128686
-0.007275 0.045413 0.128943
-0.006809 0.045713 0.129884
-0.006260 0.045821 0.131063
-0.005710 0.046316 0.130996
-0.005030 0.046275 0.131274
-0.004496 0.046436 0.131449
-0.003862 0.046599 0.131633
-0.003321 0.046684 0.131744
-0.002814 0.046524 0.132302
-0.002210 0.046456 0.132290
-0.001749 0.046450 0.132188
-0.001322 0.046586 0.131288
-0.000891 0.046349 0.130990
-0.000422 0.045985 0.130850
-0.000071 0.045518 0.130352
0.000244 0.044896 0.129722
0.000440 0.044362 0.129288
0.000680 0.043764 0.128934
0.000882 0.043294 0.128424
0.001110 0.042658 0.127645
0.001268 0.042111 0.127066
0.001381 0.041190 0.127086
0.001506 0.040785 0.125707
0.001566 0.040095 0.125132
0.001683 0.039329 0.124498
0.001749 0.038563 0.123859
0.001784 0.037848 0.122998
0.001795 0.037158 0.122419
0.001742 0.036620 0.121963
0.001787 0.036174 0.120938
0.001765 0.035675 0.120125
0.001667 0.035342 0.119575
0.001714 0.034665 0.119141
0.001820 0.033821 0.119224
0.001832 0.033567 0.117965
0.001940 0.033160 0.117369
0.002005 0.032675 0.116705
0.002112 0.032409 0.116097
0.002331 0.032131 0.115357
0.002431 0.031942 0.114812
0.002675 0.031690 0.114357
0.003032 0.031286 0.113783
0.003370 0.030972 0.113413
0.003833 0.030543 0.113349
0.004415 0.030168 0.113077
0.005153 0.030296 0.112062
0.005857 0.030179 0.111493
0.006642 0.030012 0.111149
0.007551 0.029963 0.110521
0.008609 0.029775 0.109919
0.009655 0.029740 0.109444
0.010763 0.029693 0.108833
0.011969 0.029789 0.108218
0.013339 0.029593 0.107501
0.014778 0.029499 0.107137
0.016352 0.029511 0.106348
0.017971 0.029319 0.105653
0.019745 0.029192 0.104894
0.021405 0.029359 0.104241
0.023276 0.028939 0.104158
0.025134 0.029199 0.102945
0.026901 0.029290 0.102237
0.028668 0.029241 0.101542
0.030534 0.029474 0.100831
0.032477 0.029312 0.100446
0.034461 0.029458 0.099539
0.036384 0.029334 0.098793
0.038438 0.029301 0.098264
0.040474 0.029166 0.097386
0.042408 0.029312 0.096475
0.044451 0.029100 0.095533
0.046525 0.028838 0.094813
0.048599 0.028575 0.094092
0.050549 0.028336 0.093644
0.052583 0.028342 0.092754
0.054652 0.028015 0.092109
0.056507 0.027839 0.091576
0.058602 0.027396 0.091229
0.060614 0.027146 0.090645
0.062606 0.026933 0.089699
0.064552 0.026489 0.089339
0.066421 0.026159 0.088678
0.068260 0.025599 0.087821
0.070268 0.025002 0.087338
0.072190 0.024250 0.086718
0.074060 0.023780 0.086069
0.075914 0.023117 0.085650
0.077816 0.022404 0.084669
0.079674 0.021945 0.084160
0.081602 0.021258 0.083465
0.083412 0.020517 0.082977
0.085227 0.019841 0.082413
0.087187 0.019103 0.081938
0.088989 0.018579 0.081501
0.090891 0.018058 0.081074
0.092745 0.017254 0.080667
0.094654 0.016655 0.080175
0.096583 0.015877 0.080057
0.098472 0.015368 0.079770
0.100425 0.014706 0.079359
0.102296 0.014145 0.079288
0.104193 0.013609 0.079503
0.106131 0.013242 0.079207
0.107985 0.012629 0.079353
0.109922 0.012402 0.079045
0.111755 0.012160 0.079370
0.113675 0.011740 0.079292
0.115566 0.011140 0.079582
0.117518 0.010670 0.079725
0.119494 0.010315 0.079574
0.121421 0.009819 0.079431
0.123465 0.009517 0.079067
0.125324 0.008968 0.079137
0.127418 0.008667 0.078778
0.129338 0.008247 0.078699
0.131253 0.007764 0.078697
0.133172 0.007485 0.078605
0.135062 0.006835 0.078330
0.136934 0.006274 0.078260
0.138898 0.005791 0.078262
0.140764 0.005165 0.078267
0.142664 0.004925 0.077815
0.144424 0.004375 0.077876
0.146188 0.004030 0.077848
0.147650 0.003385 0.078461
0.149386 0.003437 0.078111
0.150964 0.003127 0.078491
0.152523 0.002855 0.078509
0.153845 0.002618 0.078932
0.155366 0.002334 0.078806
0.156694 0.002020 0.079164
0.157972 0.001846 0.079506
0.159157 0.001595 0.079775
0.160268 0.001367 0.080321
0.161162 0.000944 0.081078
0.162171 0.000996 0.081590
0.162994 0.000893 0.081956
0.164040 0.001599 0.090608
0.163627 0.001937 0.091255
0.162974 0.001914 0.091841
0.162365 0.001968 0.092495
0.161568 0.002006 0.092991
0.160845 0.002162 0.093199
0.159999 0.002200 0.093691
0.159121 0.002339 0.094528
0.158167 0.002543 0.094497
0.156965 0.002652 0.095023
0.155833 0.002673 0.095349
0.154674 0.002809 0.095377
0.153409 0.002880 0.095474
0.152220 0.002927 0.095293
0.150833 0.002739 0.095687
0.149487 0.002860 0.095558
0.147924 0.002927 0.095628
0.146491 0.003034 0.095350
0.144849 0.002919 0.095785
0.143247 0.003254 0.095686
0.141474 0.003048 0.095904
0.139798 0.003075 0.095540
0.138073 0.003101 0.095172
0.136342 0.003063 0.094881
0.134575 0.002871 0.094457
0.132710 0.002396 0.094050
0.130988 0.001999 0.093720
0.129209 0.001679 0.093449
0.127345 0.001113 0.093620
0.125409 0.000958 0.092822
0.123469 0.000647 0.092678
0.121562 0.000722 0.092076
0.119602 0.000642 0.092124
0.117527 0.000804 0.091713
0.115379 0.000708 0.091604
0.113274 0.000831 0.091550
0.111156 0.000915 0.091071
0.108927 0.000870 0.090737
0.106736 0.000837 0.090546
0.104563 0.000716 0.090152
0.102421 0.000685 0.089966
0.100180 0.000652 0.089772
0.097944 0.000683 0.089501
0.095764 0.000779 0.089158
0.093560 0.000759 0.089108
0.091400 0.000817 0.089127
0.089083 0.000758 0.088643
0.086848 0.000789 0.088372
0.084649 0.000833 0.088246
0.082491 0.000609 0.088289
0.080248 0.000717 0.088082
0.078088 0.000774 0.088101
0.075909 0.000780 0.088336
0.073715 0.001030 0.088121
0.071487 0.001035 0.088351
0.069297 0.000912 0.088739
0.067128 0.001187 0.088809
0.065036 0.001347 0.089181
0.062861 0.001558 0.089327
0.060764 0.001513 0.089788
0.058690 0.001726 0.089943
0.056654 0.001810 0.090255
0.054548 0.001933 0.090201
0.052464 0.001875 0.090521
0.050390 0.001947 0.090689
0.048384 0.002071 0.090644
0.046361 0.002143 0.090815
0.044482 0.002012 0.091089
0.042589 0.001984 0.090925
0.040661 0.001712 0.091207
0.038764 0.001479 0.091131
0.036872 0.001310 0.090980
0.034986 0.001206 0.090752
0.033019 0.001152 0.090298
0.031128 0.000842 0.090159
0.029118 0.000570 0.089650
0.027201 0.000376 0.089213
0.025175 -0.000090 0.088933
0.023233 -0.000309 0.088211
0.021278 -0.000517 0.087630
0.019369 -0.000928 0.087142
0.017321 -0.001073 0.086476
0.015416 -0.001139 0.085886
0.013505 -0.001269 0.085373
0.011495 -0.001541 0.084864
0.009520 -0.001569 0.083909
0.007594 -0.002173 0.083650
0.005549 -0.002022 0.082316
0.003577 -0.002332 0.081386
0.001586 -0.002693 0.080673
-0.000475 -0.002876 0.079581
-0.002517 -0.003097 0.078851
-0.004590 -0.003318 0.077334
-0.006690 -0.003372 0.076085
-0.008791 -0.003864 0.075516
-0.010861 -0.003738 0.073897
-0.012941 -0.003832 0.073010
-0.015051 -0.004156 0.071926
-0.017125 -0.004235 0.070396
-0.019180 -0.004495 0.069241
-0.021269 -0.004998 0.068531
-0.023367 -0.005194 0.067295
-0.025410 -0.005325 0.065986
-0.027467 -0.005353 0.064240
-0.029521 -0.005612 0.063084
-0.031531 -0.005934 0.062010
-0.033623 -0.006207 0.060709
-0.035661 -0.006132 0.059312
-0.037654 -0.006262 0.058008
-0.039579 -0.006340 0.056491
-0.041509 -0.006572 0.055629
-0.043408 -0.006765 0.054410
-0.045258 -0.006816 0.053183
-0.047156 -0.007149 0.051976
-0.048962 -0.007405 0.050842
-0.050811 -0.007597 0.049627
-0.052580 -0.007698 0.048626
-0.054337 -0.007672 0.047471
-0.056167 -0.007902 0.046617
-0.057819 -0.007810 0.045395
-0.059517 -0.008090 0.044771
-0.061187 -0.008190 0.043778
-0.062906 -0.008291 0.042780
-0.064636 -0.008520 0.041936
-0.066323 -0.008672 0.041159
-0.067922 -0.008951 0.040544
-0.069554 -0.009038 0.039696
-0.071122 -0.009227 0.039289
-0.072703 -0.009263 0.039011
-0.074303 -0.009401 0.038383
-0.075872 -0.009449 0.037964
-0.077454 -0.009485 0.037686
-0.078973 -0.009532 0.037271
-0.080618 -0.009416 0.037116
-0.082237 -0.009465 0.036693
-0.083819 -0.009360 0.036401
-0.085289 -0.009406 0.035991
-0.086875 -0.009647 0.035802
-0.088599 -0.009762 0.035446
-0.090230 -0.009799 0.035163
-0.091929 -0.009888 0.035093
-0.093616 -0.009989 0.034882
-0.095379 -0.009976 0.034369
-0.097077 -0.010206 0.034311
-0.098807 -0.010385 0.034032
-0.100649 -0.010553 0.033885
-0.102397 -0.010834 0.033257
-0.104344 -0.011068 0.033177
-0.106166 -0.011466 0.032838
-0.108070 -0.011813 0.032274
-0.109942 -0.012071 0.031918
-0.111821 -0.012393 0.031638
-0.113681 -0.012663 0.031142
-0.115454 -0.012919 0.030795
-0.117389 -0.013166 0.030575
-0.119100 -0.013433 0.030092
-0.120928 -0.013755 0.029817
-0.122707 -0.014075 0.029546
-0.124480 -0.014331 0.029198
-0.126232 -0.014959 0.028672
-0.127949 -0.015291 0.028265
-0.129597 -0.015711 0.027658
-0.131313 -0.016043 0.027252
-0.132867 -0.016527 0.026730
-0.134477 -0.016934 0.026268
-0.136095 -0.017124 0.025857
-0.137699 -0.017417 0.025884
-0.139118 -0.017603 0.025491
-0.140556 -0.017701 0.025302
-0.141925 -0.017888 0.024912
-0.143213 -0.017983 0.024736
-0.144457 -0.018142 0.024641
-0.145689 -0.018314 0.024405
-0.146815 -0.018561 0.024114
-0.147878 -0.018819 0.023687
-0.148973 -0.018976 0.023604
-0.149913 -0.019067 0.023458
-0.150914 -0.019146 0.023448
-0.151699 -0.019170 0.023239
-0.152540 -0.019118 0.023089
-0.153337 -0.019130 0.023020
-0.153990 -0.019203 0.023040
-0.154631 -0.019290 0.022920
-0.155241 -0.019286 0.023008
-0.155732 -0.019370 0.022901
-0.156224 -0.019454 0.022794
-0.156622 -0.019460 0.022760
-0.156958 -0.019618 0.022601
-0.157294 -0.019636 0.022431
-0.157492 -0.019779 0.022426
-0.157642 -0.019782 0.022413
-0.157697 -0.019847 0.022485
-0.157703 -0.019911 0.022562
-0.157596 -0.019986 0.022506
-0.157496 -0.020125 0.022528
-0.157239 -0.020339 0.022498
-0.157083 -0.020414 0.022447
-0.156777 -0.020627 0.022421
-0.156415 -0.020775 0.022324
-0.155797 -0.020996 0.022184
-0.155329 -0.021219 0.022031
-0.154668 -0.021363 0.021960
-0.154068 -0.021636 0.022037
-0.153095 -0.021929 0.021863
-0.152278 -0.022147 0.021741
-0.151269 -0.022285 0.021699
-0.150259 -0.022424 0.021658
-0.149194 -0.022498 0.021544
-0.148079 -0.022570 0.021435
-0.146926 -0.022771 0.021483
-0.145798 -0.022947 0.021812
-0.144582 -0.023159 0.021724
-0.143379 -0.023359 0.021776
-0.142058 -0.023506 0.021620
-0.140819 -0.023552 0.021805
-0.139462 -0.023544 0.021781
-0.138079 -0.023652 0.022055
-0.136746 -0.023620 0.022312
-0.135401 -0.023600 0.022429
-0.134000 -0.023606 0.023052
-0.132505 -0.023584 0.023181
-0.131018 -0.023485 0.023375
-0.129387 -0.023449 0.023658
-0.127863 -0.023196 0.023983
-0.126225 -0.023236 0.024202
-0.124601 -0.022982 0.024537
-0.122988 -0.022997 0.025036
-0.121445 -0.022834 0.025158
-0.120007 -0.022736 0.025347
-0.118276 -0.022698 0.025639
-0.116640 -0.022456 0.025832
-0.114878 -0.022328 0.026333
-0.113149 -0.022009 0.026599
-0.111321 -0.021687 0.026874
-0.109498 -0.021430 0.027226
-0.107768 -0.021251 0.027505
-0.105964 -0.021097 0.027508
-0.104158 -0.021083 0.027523
-0.102321 -0.021120 0.027759
-0.100460 -0.021041 0.027702
-0.098580 -0.021001 0.028007
-0.096706 -0.020884 0.028375
-0.094784 -0.020625 0.028735
-0.092881 -0.020328 0.028734
-0.090970 -0.020057 0.029235
-0.089135 -0.019813 0.029446
-0.087343 -0.019645 0.029589
-0.085344 -0.019693 0.029698
-0.083353 -0.019522 0.029858
-0.081361 -0.019352 0.030019
-0.079376 -0.019246 0.030255
-0.077254 -0.018985 0.030633
-0.075115 -0.018531 0.030781
-0.072955 -0.018397 0.031316
-0.070878 -0.018072 0.031613
-0.068718 -0.017798 0.032135
-0.066598 -0.017395 0.032500
-0.064389 -0.017120 0.033026
-0.062236 -0.016769 0.033612
-0.059954 -0.016377 0.033850
-0.057706 -0.016229 0.034534
-0.055498 -0.015813 0.035048
-0.053226 -0.015691 0.035451
-0.050905 -0.015426 0.035845
-0.048677 -0.015240 0.036168
-0.046500 -0.014914 0.036473
-0.044278 -0.014792 0.036872
-0.042100 -0.014606 0.037190
-0.039874 -0.014138 0.037487
-0.037510 -0.013796 0.037950
-0.035218 -0.013712 0.038714
-0.032991 -0.013385 0.039024
-0.030669 -0.013262 0.039431
-0.028465 -0.013192 0.040047
-0.026163 -0.012889 0.040080
-0.023916 -0.012791 0.040198
-0.021682 -0.012682 0.040457
-0.019404 -0.012495 0.040783
-0.016972 -0.012101 0.041034
-0.014700 -0.011978 0.041437
-0.012227 -0.011993 0.041870
-0.009936 -0.011959 0.042068
-0.007703 -0.011709 0.042314
-0.005379 -0.011867 0.042747
-0.003170 -0.011642 0.042707
-0.000905 -0.011493 0.042609
0.001238 -0.011552 0.043373
0.003491 -0.011391 0.043414
0.005665 -0.011551 0.043834
0.007875 -0.011467 0.043807
0.009995 -0.011833 0.044311
0.012062 -0.011828 0.044208
0.014143 -0.012067 0.044555
0.016218 -0.012228 0.044965
0.018277 -0.012006 0.044913
0.020262 -0.011950 0.044584
0.022324 -0.011959 0.045123
0.024404 -0.012056 0.045457
0.026435 -0.012155 0.045787
0.028511 -0.011739 0.045506
0.030618 -0.011952 0.046138
0.032693 -0.012114 0.046549
0.034747 -0.012097 0.046585
0.036793 -0.011721 0.046661
0.038794 -0.011859 0.047348
0.040720 -0.012113 0.048324
0.042685 -0.011687 0.048174
0.044646 -0.011697 0.048704
0.046717 -0.011295 0.049065
0.048680 -0.011446 0.049608
0.050710 -0.011404 0.049925
0.052771 -0.011272 0.050451
0.054787 -0.011076 0.050896
0.056904 -0.011020 0.051363
0.058865 -0.010889 0.051880
0.060800 -0.010643 0.052100
0.062791 -0.010473 0.052261
0.064808 -0.010418 0.052718
0.066838 -0.010375 0.053036
0.068879 -0.010204 0.053200
0.071064 -0.010096 0.053455
0.073188 -0.010116 0.053857
0.075266 -0.009932 0.054166
0.077397 -0.010029 0.054505
0.079659 -0.009457 0.054369
0.081874 -0.009118 0.054819
0.083994 -0.008715 0.055184
0.086240 -0.008286 0.055842
0.088359 -0.007743 0.056195
0.090561 -0.007250 0.056773
0.092680 -0.006707 0.057125
0.094832 -0.006215 0.057699
0.097088 -0.005517 0.058192
0.099146 -0.005103 0.058693
0.101253 -0.004406 0.059173
0.103254 -0.003776 0.059721
0.105200 -0.003351 0.060354
0.107284 -0.002911 0.061140
0.109285 -0.002280 0.061688
0.111212 -0.001817 0.061959
0.113214 -0.001327 0.062520
0.115205 -0.000966 0.063233
0.117089 -0.000579 0.063436
0.118938 -0.000438 0.064085
0.120811 -0.000180 0.064441
0.122710 -0.000038 0.065095
0.124439 0.000141 0.065374
0.126246 0.000065 0.065967
0.128056 0.000475 0.066446
0.129805 0.000615 0.067087
0.131467 0.000742 0.067578
0.133197 0.000920 0.067857
0.134780 0.000866 0.068714
0.136467 0.000967 0.068925
0.137962 0.000899 0.069633
0.139487 0.001011 0.069971
0.141065 0.000700 0.070351
0.142379 0.000822 0.070812
0.143847 0.001009 0.071210
0.145125 0.000836 0.071552
0.146657 0.000871 0.071826
0.147960 0.000723 0.072453
0.149260 0.000806 0.072489
0.150559 0.000453 0.073204
0.152141 0.000348 0.073495
0.153506 0.000138 0.073420
0.154796 -0.000048 0.073622
0.156189 -0.000464 0.074422
0.157524 -0.000855 0.074717
0.158752 -0.001079 0.074489
0.159875 -0.001460 0.074906
0.160937 -0.001880 0.074894
0.161978 -0.002070 0.075074
0.162883 -0.002415 0.075113
0.163669 -0.002723 0.074782
0.164483 -0.003287 0.074761
0.165102 -0.003790 0.074646
0.165823 -0.004432 0.074553
0.166274 -0.005039 0.074076
0.166894 -0.005592 0.073395
0.167390 -0.006263 0.073000
0.167599 -0.006950 0.072437
0.167839 -0.007548 0.072084
0.167892 -0.008020 0.071560
0.167840 -0.008699 0.071117
0.167675 -0.009226 0.070792
0.167317 -0.009833 0.070387
0.166997 -0.010426 0.070126
0.166583 -0.010816 0.069768
0.166169 -0.011346 0.069422
0.165618 -0.011891 0.068923
0.165153 -0.012282 0.068560
0.164633 -0.012929 0.067716
0.164068 -0.013180 0.067333
0.163390 -0.013279 0.067068
0.162713 -0.013660 0.066828
0.161979 -0.013683 0.066623
0.161127 -0.013901 0.066638
0.160176 -0.014120 0.066645
0.159099 -0.014225 0.066346
0.158048 -0.014305 0.066332
0.156901 -0.014181 0.066220
0.155819 -0.014300 0.066563
0.154703 -0.014086 0.066659
0.153432 -0.014039 0.065688
0.152291 -0.013851 0.065500
0.150866 -0.013911 0.065736
0.149562 -0.013572 0.065662
0.148155 -0.013580 0.065682
0.146689 -0.013089 0.065723
0.145001 -0.013000 0.066065
0.143453 -0.012459 0.065881
0.141734 -0.012127 0.066555
0.139974 -0.011577 0.066494
0.138217 -0.011258 0.067024
0.136383 -0.010684 0.067239
0.134457 -0.010329 0.067395
0.132760 -0.009931 0.067210
0.130860 -0.009691 0.067663
0.129040 -0.009270 0.067750
0.127276 -0.009066 0.067791
0.125394 -0.008633 0.068014
0.123411 -0.008202 0.068229
0.121486 -0.007937 0.068963
0.119544 -0.007056 0.068643
0.117536 -0.006600 0.069138
0.115508 -0.006015 0.068694
0.113625 -0.005582 0.068918
0.111491 -0.004922 0.068529
0.109355 -0.004698 0.068820
0.107220 -0.004038 0.068431
0.105112 -0.003493 0.068340
0.103005 -0.003088 0.068261
0.100727 -0.002316 0.068348
0.098302 -0.001827 0.068448
0.096142 -0.001001 0.068327
0.093784 -0.000318 0.068202
0.091377 0.000222 0.068084
0.088776 0.000824 0.067874
0.086244 0.001338 0.067463
0.083743 0.001891 0.066695
0.081136 0.002378 0.065995
0.078612 0.002675 0.065532
0.076023 0.003355 0.064603
0.073372 0.003906 0.063822
0.070733 0.004635 0.063454
0.068075 0.005263 0.062737
0.065355 0.006043 0.062143
0.062652 0.006875 0.061333
0.059939 0.007437 0.060688
0.057283 0.007924 0.059984
0.054594 0.008462 0.059058
0.051906 0.008999 0.058132
0.049182 0.009434 0.057640
0.046576 0.009780 0.056953
0.043975 0.010332 0.056176
0.041301 0.010767 0.055688
0.038756 0.011242 0.054852
0.036225 0.011615 0.054454
0.033604 0.011678 0.054574
0.031045 0.012398 0.053287
0.028490 0.012655 0.053182
0.025990 0.013067 0.052427
0.023497 0.013262 0.051620
0.021018 0.013354 0.051251
0.018608 0.013407 0.051248
0.016179 0.013450 0.050318
0.013862 0.013531 0.049821
0.011497 0.013381 0.049911
0.009297 0.013516 0.049207
0.007069 0.013329 0.048885
0.004871 0.013374 0.048758
0.002536 0.013353 0.047913
0.000362 0.013373 0.047506
-0.001799 0.013380 0.046959
-0.003996 0.013284 0.046845
-0.006091 0.013484 0.046073
-0.008279 0.013080 0.046486
-0.010366 0.013204 0.045650
-0.012428 0.013212 0.045112
-0.014434 0.013286 0.044501
-0.016428 0.013347 0.043750
-0.018473 0.012971 0.043674
-0.020474 0.013109 0.042987
-0.022511 0.013234 0.042155
-0.024377 0.012899 0.041735
-0.026419 0.012678 0.041005
-0.028456 0.012662 0.040186
-0.030404 0.012519 0.039528
-0.032448 0.012579 0.038773
-0.034459 0.012589 0.038239
-0.036508 0.012444 0.037572
-0.038505 0.012159 0.036923
-0.040511 0.012233 0.036312
-0.042567 0.012306 0.035697
-0.044626 0.012033 0.035183
-0.046606 0.011800 0.034317
-0.048517 0.011670 0.033804
-0.050559 0.011589 0.033061
-0.052781 0.011326 0.032675
-0.054736 0.011260 0.032081
-0.056846 0.011127 0.031551
-0.058889 0.011047 0.030808
-0.061054 0.010708 0.030362
-0.063153 0.010703 0.029679
-0.065295 0.010622 0.028927
-0.067387 0.010540 0.028180
-0.069429 0.010460 0.027437
-0.071546 0.010404 0.026971
-0.073571 0.010375 0.026011
-0.075681 0.010242 0.025481
-0.077748 0.010187 0.025019
-0.079897 0.010181 0.024331
-0.082046 0.010176 0.023644
-0.084138 0.010095 0.022897
-0.086181 0.010015 0.022154
-0.088280 0.010010 0.021471
-0.090316 0.009853 0.020664
-0.092390 0.009824 0.019700
-0.094381 0.009603 0.018974
-0.096367 0.009447 0.018171
-0.098366 0.009303 0.017509
-0.100314 0.009160 0.016852
-0.102307 0.009080 0.016113
-0.104237 0.008848 0.015251
-0.106217 0.008756 0.014372
-0.108039 0.008308 0.013468
-0.110006 0.008063 0.012461
-0.111878 0.007614 0.011552
-0.113758 0.007382 0.010694
-0.115619 0.007062 0.009632
-0.117499 0.006971 0.008762
-0.119417 0.006868 0.007747
-0.121110 0.006651 0.007047
-0.122854 0.006525 0.005765
-0.124709 0.006319 0.005192
-0.126476 0.005936 0.004215
-0.128214 0.005924 0.003422
-0.130156 0.005704 0.002700
-0.131743 0.005554 0.001932
-0.133443 0.005415 0.001296
-0.135136 0.005198 0.000596
-0.136886 0.005199 -0.000057
-0.138475 0.005330 -0.000850
-0.140039 0.005346 -0.001345
-0.141752 0.005360 -0.001853
-0.143297 0.005428 -0.002566
-0.144899 0.005572 -0.003218
-0.146345 0.005641 -0.003922
-0.147754 0.005864 -0.004493
-0.149325 0.006098 -0.004937
-0.150802 0.006268 -0.005296
-0.152250 0.006619 -0.006024
-0.153803 0.006905 -0.006685
-0.155070 0.007207 -0.007180
-0.156369 0.007701 -0.007908
-0.157606 0.008183 -0.008772
-0.158761 0.008474 -0.009398
-0.159872 0.008843 -0.009956
-0.160879 0.009418 -0.010595
-0.161891 0.009788 -0.011144
-0.162802 0.010019 -0.011672
-0.163671 0.010467 -0.012145
-0.164502 0.010788 -0.012460
-0.165358 0.011084 -0.013060
-0.166114 0.011381 -0.013652
-0.166876 0.011614 -0.014167
-0.167687 0.011846 -0.014687
-0.168405 0.012015 -0.015121
-0.169184 0.012055 -0.015407
-0.169846 0.012290 -0.015914
-0.170477 0.012473 -0.016199
-0.171182 0.012680 -0.016208
-0.171800 0.012851 -0.016634
-0.172256 0.013062 -0.016621
-0.172738 0.013388 -0.016906
-0.173212 0.013547 -0.016677
-0.173636 0.013707 -0.016444
-0.174041 0.013777 -0.016414
-0.174315 0.013799 -0.016155
-0.174589 0.013961 -0.015909
-0.174795 0.014034 -0.015862
-0.174907 0.014045 -0.015730
-0.174932 0.014070 -0.015450
-0.174899 0.013878 -0.015216
-0.174811 0.013751 -0.015055
-0.174672 0.013484 -0.014876
-0.174483 0.013218 -0.014694
-0.174300 0.012887 -0.014434
-0.174018 0.012699 -0.014179
-0.173623 0.012359 -0.014043
-0.173135 0.011956 -0.013822
-0.172678 0.011604 -0.013822
-0.172120 0.011113 -0.013801
-0.171556 0.010545 -0.013843
-0.170929 0.010016 -0.013456
-0.170265 0.009309 -0.013478
-0.169501 0.008744 -0.013503
-0.168612 0.008015 -0.013788
-0.167692 0.007235 -0.013852
-0.166704 0.006507 -0.014128
-0.165696 0.005741 -0.014043
-0.164558 0.005015 -0.014306
-0.163371 0.004291 -0.014565
-0.162183 0.003566 -0.014824
-0.160889 0.002766 -0.015138
-0.159490 0.002032 -0.015520
-0.158159 0.001246 -0.015690
-0.156715 0.000448 -0.015991
-0.155230 -0.000132 -0.016237
-0.153634 -0.000581 -0.016626
-0.152063 -0.000915 -0.017314
-0.150472 -0.001429 -0.017627
-0.148721 -0.001812 -0.018080
-0.146949 -0.002374 -0.018160
-0.145036 -0.002768 -0.018740
-0.143140 -0.003213 -0.019104
-0.141208 -0.003645 -0.019323
-0.139227 -0.003794 -0.019563
-0.137229 -0.003892 -0.020020
-0.135224 -0.003925 -0.020553
-0.133165 -0.003894 -0.021158
-0.131221 -0.004056 -0.021543
-0.129111 -0.004165 -0.022131
-0.126963 -0.004260 -0.022575
-0.124797 -0.004304 -0.023236
-0.122507 -0.004180 -0.023615
-0.120212 -0.003991 -0.024071
-0.117804 -0.003814 -0.024658
-0.115348 -0.003495 -0.025254
-0.112878 -0.003329 -0.025978
-0.110302 -0.003238 -0.026756
-0.107744 -0.003199 -0.027318
-0.105124 -0.003172 -0.028017
-0.102567 -0.003133 -0.028579
-0.099953 -0.003029 -0.029213
-0.097308 -0.002977 -0.029626
-0.094651 -0.002936 -0.030179
-0.091987 -0.002972 -0.030796
-0.089223 -0.003007 -0.031405
-0.086602 -0.003121 -0.032091
-0.084029 -0.003517 -0.032755
-0.081462 -0.003837 -0.033356
-0.078882 -0.004309 -0.034085
-0.076297 -0.004718 -0.034890
-0.073698 -0.005229 -0.035257
-0.071114 -0.005356 -0.036088
-0.068404 -0.005738 -0.036599
-0.065713 -0.006030 -0.036906
-0.062953 -0.006270 -0.037426
-0.060200 -0.006574 -0.037869
-0.057477 -0.006918 -0.037955
-0.054668 -0.007157 -0.038471
-0.051964 -0.007603 -0.038906
-0.049198 -0.007869 -0.038924
-0.046276 -0.008069 -0.039005
-0.043441 -0.008373 -0.038657
-0.040558 -0.008395 -0.038330
-0.037556 -0.008504 -0.038199
-0.034673 -0.008526 -0.037872
-0.031715 -0.008521 -0.037255
-0.028925 -0.008621 -0.037001
-0.026065 -0.008759 -0.036380
-0.023339 -0.008565 -0.036015
-0.020574 -0.008640 -0.035480
-0.017890 -0.008665 -0.035170
-0.015156 -0.008638 -0.034290
-0.012352 -0.008841 -0.033598
-0.009662 -0.008751 -0.032799
-0.006923 -0.008520 -0.032008
-0.004308 -0.008456 -0.031498
-0.001646 -0.008687 -0.030317
0.000924 -0.008419 -0.029901
0.003465 -0.008472 -0.029102
0.006119 -0.008536 -0.028435
0.008650 -0.008859 -0.027471
0.011252 -0.008642 -0.026834
0.013782 -0.008824 -0.025882
0.016358 -0.008632 -0.025530
0.018864 -0.008789 -0.024298
0.021473 -0.008790 -0.023712
0.024052 -0.008830 -0.022769
0.026617 -0.008767 -0.022263
0.029028 -0.008770 -0.021694
0.031603 -0.009156 -0.020650
0.034092 -0.008979 -0.020446
0.036499 -0.009328 -0.019776
0.039016 -0.009548 -0.019250
0.041411 -0.010026 -0.018426
0.043810 -0.010208 -0.018270
0.046122 -0.010495 -0.017685
0.048479 -0.010845 -0.017019
0.050782 -0.010824 -0.016961
0.053052 -0.011188 -0.016444
0.055222 -0.011553 -0.015935
0.057478 -0.011955 -0.015843
0.059653 -0.012307 -0.015977
0.061874 -0.012813 -0.015452
0.064081 -0.013215 -0.015364
0.066294 -0.013695 -0.015341
0.068409 -0.014316 -0.015314
0.070544 -0.015118 -0.014912
0.072689 -0.015559 -0.015254
0.074773 -0.016271 -0.015436
0.076967 -0.016711 -0.015774
0.078976 -0.017399 -0.015678
0.081116 -0.018045 -0.015932
0.083224 -0.018590 -0.015840
0.085289 -0.019263 -0.016383
0.087465 -0.019806 -0.017070
0.089455 -0.020454 -0.017336
0.091454 -0.021461 -0.017641
0.093501 -0.022327 -0.017954
0.095461 -0.023065 -0.018429
0.097538 -0.023751 -0.019112
0.099614 -0.024245 -0.019242
0.101581 -0.025200 -0.019768
0.103495 -0.025594 -0.020349
0.105370 -0.026718 -0.020369
0.107227 -0.027036 -0.020890
0.109051 -0.027879 -0.020940
0.110996 -0.028324 -0.021300
0.112824 -0.028962 -0.021438
0.114687 -0.029215 -0.022036
0.116410 -0.029919 -0.022107
0.118256 -0.030506 -0.022463
0.120035 -0.031145 -0.022606
0.121750 -0.031632 -0.022625
0.123497 -0.032170 -0.022424
0.125267 -0.032451 -0.022528
0.126882 -0.032748 -0.022004
0.128585 -0.033081 -0.021896
0.130189 -0.033647 -0.021205
0.131833 -0.033623 -0.021063
0.133380 -0.034023 -0.020891
0.134840 -0.034386 -0.020303
0.136295 -0.034814 -0.019638
0.137615 -0.034769 -0.019241
0.138775 -0.034996 -0.018691
0.139910 -0.035058 -0.017873
0.141006 -0.034991 -0.017213
0.141996 -0.034850 -0.016497
0.142880 -0.034774 -0.015713
0.143676 -0.034571 -0.015091
0.144362 -0.034498 -0.014324
0.145098 -0.034565 -0.013541
0.145659 -0.034660 -0.013055
0.146092 -0.034936 -0.012209
0.146431 -0.035150 -0.011448
0.146637 -0.035174 -0.010929
0.146750 -0.035275 -0.010482
0.146751 -0.035225 -0.009916
0.146545 -0.035101 -0.009304
0.146235 -0.035183 -0.008612
0.145730 -0.034923 -0.008038
0.145144 -0.034753 -0.007677
0.144503 -0.034648 -0.007244
0.143809 -0.034262 -0.006840
0.142844 -0.034136 -0.006152
0.141864 -0.033626 -0.005928
0.140828 -0.033322 -0.005618
0.139551 -0.033098 -0.005394
0.138236 -0.032887 -0.005315
0.136815 -0.032601 -0.005180
0.135287 -0.032240 -0.004990
0.133666 -0.031816 -0.004885
0.131879 -0.031728 -0.004552
0.130024 -0.030974 -0.004710
0.128160 -0.030630 -0.004691
0.126147 -0.030289 -0.004685
0.124096 -0.029961 -0.004823
0.121958 -0.029596 -0.004545
0.119840 -0.029320 -0.004471
0.117671 -0.029045 -0.004401
0.115347 -0.028696 -0.004280
0.113108 -0.028242 -0.004589
0.110828 -0.027956 -0.004387
0.108398 -0.027672 -0.004199
0.106068 -0.027437 -0.004567
0.103729 -0.026985 -0.004884
0.101116 -0.027089 -0.004250
0.098724 -0.026983 -0.004470
0.096195 -0.026701 -0.004290
0.093734 -0.026507 -0.004310
0.091311 -0.026300 -0.004186
0.088677 -0.026224 -0.003925
0.086216 -0.025889 -0.003958
0.083644 -0.025825 -0.003834
0.081072 -0.025620 -0.003722
0.078450 -0.025557 -0.003602
0.075847 -0.025492 -0.004265
0.073145 -0.025519 -0.004358
0.070530 -0.025532 -0.004302
0.067816 -0.025547 -0.004255
0.065085 -0.025895 -0.003966
0.062361 -0.026180 -0.003753
0.059522 -0.026362 -0.003987
0.056810 -0.026659 -0.003914
0.053945 -0.027303 -0.003753
0.051399 -0.026737 -0.005168
0.048667 -0.026995 -0.005457
0.045845 -0.027562 -0.005228
0.043019 -0.027757 -0.005602
0.040216 -0.028413 -0.005577
0.037529 -0.028876 -0.005772
0.034798 -0.029274 -0.006049
0.032206 -0.029940 -0.006147
0.029582 -0.030414 -0.006479
0.027033 -0.031002 -0.006509
0.024533 -0.031499 -0.007113
0.022146 -0.032098 -0.007270
0.019824 -0.032990 -0.007538
0.017555 -0.033535 -0.007903
0.015392 -0.034156 -0.008324
0.013200 -0.035098 -0.008363
0.011106 -0.035806 -0.008983
0.009046 -0.036798 -0.008792
0.007108 -0.037581 -0.009463
0.005127 -0.038250 -0.009650
0.003247 -0.039200 -0.009803
0.001507 -0.039839 -0.010470
-0.000113 -0.040657 -0.010754
-0.001734 -0.041193 -0.011063
-0.003100 -0.041801 -0.011415
-0.004438 -0.042089 -0.012148
-0.005612 -0.042477 -0.012431
-0.006669 -0.042812 -0.012922
-0.007559 -0.042953 -0.013630
-0.008615 -0.043429 -0.014108
-0.009424 -0.043619 -0.014590
-0.010121 -0.043680 -0.015216
-0.010813 -0.043676 -0.015919
-0.011336 -0.043709 -0.016247
-0.011861 -0.043601 -0.016588
-0.012241 -0.043555 -0.016839
-0.012678 -0.043433 -0.017031
-0.013103 -0.043183 -0.017375
-0.013498 -0.042843 -0.017511
-0.013756 -0.042488 -0.017494
-0.014102 -0.042006 -0.017639
-0.014267 -0.041573 -0.017549
-0.014495 -0.040847 -0.017348
-0.014667 -0.040338 -0.017194
-0.014897 -0.039471 -0.017006
-0.015059 -0.038551 -0.017030
-0.015190 -0.037542 -0.016846
-0.015396 -0.036508 -0.016386
-0.015541 -0.035205 -0.016086
-0.015625 -0.033913 -0.015922
-0.015763 -0.032686 -0.015687
-0.015842 -0.031189 -0.015612
-0.015940 -0.029603 -0.015333
-0.015963 -0.028042 -0.015331
-0.016105 -0.026392 -0.015133
-0.016186 -0.024613 -0.015083
-0.016197 -0.022873 -0.014668
-0.016366 -0.020967 -0.014780
-0.016498 -0.018908 -0.014760
-0.016562 -0.016936 -0.014940
-0.016757 -0.014865 -0.014784
-0.016820 -0.012894 -0.014963
-0.016923 -0.010654 -0.015313
-0.016969 -0.008630 -0.015710
-0.017033 -0.006518 -0.015902
-0.017013 -0.004161 -0.016536
-0.017098 -0.001869 -0.017102
-0.016966 0.000477 -0.017868
-0.016995 0.002834 -0.018506
-0.017007 0.005243 -0.019362
-0.016875 0.007730 -0.020140
-0.016799 0.010152 -0.020846
-0.016750 0.012690 -0.021850
-0.016662 0.015100 -0.022696
-0.016457 0.017704 -0.023763
-0.016364 0.020319 -0.024699
-0.016147 0.022911 -0.025906
-0.015993 0.025655 -0.026991
-0.015856 0.028207 -0.027845
-0.015733 0.031002 -0.029150
-0.015586 0.033823 -0.030171
-0.015445 0.036721 -0.031127
-0.015341 0.039464 -0.032215
-0.015175 0.042337 -0.033452
-0.015028 0.045158 -0.034472
-0.014894 0.048082 -0.035930
-0.014791 0.050966 -0.037031
-0.014659 0.054172 -0.038514
-0.014601 0.057261 -0.039708
-0.014493 0.060350 -0.040898
-0.014398 0.063452 -0.041948
-0.014251 0.066414 -0.042980
-0.014119 0.069479 -0.044451
-0.014017 0.072645 -0.045577
-0.013941 0.075785 -0.046988
-0.013795 0.078697 -0.048586
-0.013737 0.081786 -0.049780
-0.013654 0.084850 -0.051255
-0.013478 0.087992 -0.052657
-0.013395 0.091056 -0.054132
-0.013344 0.094171 -0.055828
-0.013260 0.097094 -0.057291
-0.013165 0.100145 -0.058906
-0.013080 0.102928 -0.060355
-0.013017 0.106030 -0.062192
-0.012865 0.109006 -0.063867
-0.012781 0.111929 -0.065329
-0.012618 0.115033 -0.067156
-0.012498 0.118110 -0.068487
-0.012410 0.121380 -0.070050
-0.012308 0.124354 -0.071730
-0.012226 0.127418 -0.073204
-0.012129 0.130329 -0.074807
-0.012040 0.133316 -0.076346
-0.011919 0.136253 -0.077663
-0.011730 0.139382 -0.079206
-0.011640 0.142229 -0.080732
-0.011458 0.145435 -0.082211
-0.011380 0.148294 -0.083597
-0.011296 0.151217 -0.085059
-0.011200 0.154178 -0.086096
-0.011122 0.157178 -0.087495
-0.011001 0.160114 -0.088812
-0.010887 0.163127 -0.090066
-0.010827 0.166075 -0.091248
-0.010668 0.168884 -0.092408
-0.010578 0.171921 -0.093381
-0.010531 0.174882 -0.094423
-0.010415 0.177754 -0.095664
-0.010374 0.180650 -0.096629
-0.010276 0.183329 -0.097641
-0.010197 0.186238 -0.098461
-0.010181 0.189109 -0.099711
-0.010039 0.191865 -0.100654
-0.009948 0.194621 -0.101602
-0.009818 0.197391 -0.102406
-0.009725 0.200006 -0.103341
-0.009577 0.202686 -0.104349
-0.009477 0.205224 -0.105348
-0.009389 0.207634 -0.106195
-0.009289 0.210032 -0.107182
-0.009119 0.212341 -0.108368
-0.009023 0.214534 -0.109266
-0.008889 0.216598 -0.110007
-0.008680 0.218639 -0.111024
-0.008520 0.220538 -0.112033
-0.008359 0.222296 -0.113029
-0.008147 0.223774 -0.113996
-0.007878 0.225175 -0.115023
-0.007625 0.226384 -0.115820
-0.007298 0.227428 -0.116881
-0.007100 0.228430 -0.117593
-0.006883 0.229344 -0.118510
-0.006634 0.230066 -0.119193
-0.006451 0.230595 -0.119651
-0.006217 0.230842 -0.120080
-0.005927 0.231154 -0.120581
-0.005729 0.231248 -0.121142
-0.005536 0.231136 -0.121614
-0.005353 0.230755 -0.121920
-0.005113 0.230158 -0.122274
-0.004972 0.229418 -0.122624
-0.004792 0.228550 -0.122816
-0.004673 0.227553 -0.122860
-0.004547 0.226479 -0.122968
-0.004482 0.225136 -0.122915
-0.004472 0.223727 -0.122789
-0.004356 0.222243 -0.122719
-0.004351 0.220629 -0.122505
-0.004306 0.218747 -0.122121
-0.004255 0.216788 -0.121801
-0.004277 0.214712 -0.121192
-0.004280 0.212548 -0.120787
-0.004376 0.210164 -0.120442
-0.004453 0.208023 -0.119761
-0.004491 0.205473 -0.118898
-0.004572 0.202987 -0.118115
-0.004672 0.200448 -0.117116
-0.004709 0.197898 -0.116252
-0.004752 0.195284 -0.115313
-0.004820 0.192694 -0.114092
-0.004849 0.189786 -0.113268
-0.004927 0.186876 -0.112447
-0.005030 0.183851 -0.111334
-0.005106 0.180660 -0.110489
-0.005176 0.177443 -0.109142
-0.005233 0.174213 -0.107935
-0.005270 0.170804 -0.106354
-0.005364 0.167612 -0.104727
-0.005409 0.164561 -0.103107
-0.005522 0.161316 -0.101263
-0.005633 0.157931 -0.099406
-0.005794 0.154545 -0.097553
-0.005985 0.150929 -0.095896
-0.006131 0.147108 -0.094146
-0.006345 0.143376 -0.092196
-0.006542 0.139695 -0.090463
-0.006745 0.136091 -0.088666
-0.007061 0.132498 -0.086738
-0.007289 0.128918 -0.084660
-0.007560 0.125262 -0.082650
-0.007918 0.121591 -0.080790
-0.008238 0.117793 -0.078772
-0.008565 0.114071 -0.076691
-0.008917 0.110465 -0.074907
-0.009269 0.106718 -0.073110
-0.009633 0.102983 -0.071173
-0.009923 0.099224 -0.069513
-0.010361 0.095514 -0.067299
-0.010626 0.091780 -0.065354
-0.010992 0.088327 -0.063442
-0.011424 0.084681 -0.061305
-0.011778 0.081215 -0.059534
-0.012156 0.077634 -0.057469
-0.012528 0.074258 -0.055493
-0.012868 0.070689 -0.053284
-0.013247 0.067249 -0.051232
-0.013650 0.063782 -0.049464
-0.014023 0.060406 -0.047489
-0.014439 0.056952 -0.045581
-0.014800 0.053704 -0.043758
-0.015222 0.050327 -0.041787
-0.015634 0.047079 -0.039968
-0.016045 0.043830 -0.038150
-0.016387 0.040543 -0.035965
-0.016742 0.037360 -0.034219
-0.017016 0.034126 -0.032247
-0.017310 0.030930 -0.030637
-0.017603 0.027735 -0.029026
-0.017916 0.024628 -0.027212
-0.018216 0.021510 -0.025537
-0.018543 0.018647 -0.024173
-0.018792 0.015388 -0.022482
-0.019018 0.012245 -0.021084
-0.019299 0.009038 -0.019614
-0.019488 0.006049 -0.018084
-0.019632 0.002856 -0.016460
-0.019749 0.000125 -0.015232
-0.020018 -0.003096 -0.013902
-0.020146 -0.005955 -0.012520
-0.020366 -0.009034 -0.011199
-0.020538 -0.011830 -0.009898
-0.020789 -0.014998 -0.008785
-0.021053 -0.018013 -0.007544
-0.021211 -0.020963 -0.006371
-0.021469 -0.024054 -0.005194
-0.021564 -0.027156 -0.004145
-0.021915 -0.030326 -0.003040
-0.022022 -0.033557 -0.001838
-0.022210 -0.036737 -0.000861
-0.022417 -0.039968 0.000333
-0.022612 -0.043072 0.001374
-0.022886 -0.046356 0.002780
-0.023082 -0.049460 0.003821
-0.023194 -0.052754 0.005100
-0.023494 -0.056064 0.006221
-0.023614 -0.059332 0.006998
-0.023956 -0.062720 0.008051
-0.024105 -0.066168 0.009198
-0.024330 -0.069502 0.010042
-0.024561 -0.072900 0.010964
-0.024749 -0.076221 0.011953
-0.024973 -0.079696 0.012811
-0.025191 -0.083107 0.013592
-0.025422 -0.086505 0.014513
-0.025622 -0.089864 0.015077
-0.025901 -0.093545 0.016019
-0.026108 -0.096827 0.016647
-0.026314 -0.100250 0.017288
-0.026649 -0.103855 0.018289
-0.026918 -0.107175 0.018488
-0.027235 -0.110728 0.019273
-0.027472 -0.114241 0.019705
-0.027665 -0.117677 0.020205
-0.027897 -0.121125 0.020561
-0.027985 -0.124495 0.020993
-0.028116 -0.127942 0.021358
-0.028260 -0.131377 0.021862
-0.028299 -0.134746 0.022299
-0.028537 -0.137977 0.022706
-0.028646 -0.141167 0.022765
-0.028903 -0.144450 0.023388
-0.029036 -0.147615 0.023728
-0.029281 -0.150911 0.024211
-0.029415 -0.153935 0.024538
-0.029573 -0.157076 0.025158
-0.029640 -0.160048 0.025272
-0.029780 -0.163136 0.025675
-0.029901 -0.166264 0.026439
-0.029986 -0.169147 0.026758
-0.030176 -0.172236 0.027157
-0.030275 -0.174966 0.027603
-0.030496 -0.177954 0.028346
-0.030721 -0.180519 0.029052
-0.030826 -0.183172 0.029562
-0.031037 -0.185891 0.030140
-0.031205 -0.188533 0.030786
-0.031405 -0.191123 0.031211
-0.031615 -0.193842 0.031789
-0.031805 -0.196162 0.032049
-0.031985 -0.198791 0.032836
-0.032169 -0.200907 0.033006
-0.032407 -0.203319 0.033840
-0.032571 -0.205615 0.034385
-0.032756 -0.207590 0.034543
-0.032884 -0.209731 0.035220
-0.033081 -0.211835 0.035531
-0.033233 -0.214002 0.035922
-0.033421 -0.215695 0.036056
-0.033625 -0.217581 0.036418
-0.033765 -0.218992 0.036530
-0.033919 -0.220108 0.036758
-0.034101 -0.221546 0.037368
-0.034294 -0.222394 0.037426
-0.034450 -0.223229 0.037628
-0.034618 -0.224193 0.037984
-0.034739 -0.224592 0.038293
-0.034792 -0.224939 0.038391
-0.034797 -0.225144 0.038480
-0.034804 -0.225067 0.038543
-0.034818 -0.224773 0.038659
-0.034778 -0.224273 0.038689
-0.034671 -0.223580 0.038495
-0.034622 -0.222529 0.038335
-0.034572 -0.221568 0.038753
-0.034493 -0.220428 0.038802
-0.034521 -0.219071 0.038894
-0.034489 -0.217444 0.038824
-0.034400 -0.215893 0.038695
-0.034395 -0.214010 0.038315
-0.034387 -0.212358 0.038526
-0.034258 -0.210358 0.037862
-0.034129 -0.208307 0.037763
-0.034065 -0.206013 0.037210
-0.033925 -0.203834 0.036958
-0.033749 -0.201410 0.036261
-0.033630 -0.198910 0.035623
-0.033430 -0.196460 0.035210
-0.033189 -0.193561 0.034263
-0.032978 -0.190984 0.033697
-0.032732 -0.187879 0.032661
-0.032497 -0.185186 0.031802
-0.032189 -0.182234 0.030642
-0.031850 -0.179193 0.029691
-0.031561 -0.176152 0.028735
-0.031249 -0.172854 0.027473
-0.030987 -0.169558 0.026207
-0.030655 -0.166299 0.025307
-0.030294 -0.163001 0.024050
-0.029944 -0.159690 0.022933
-0.029614 -0.156341 0.021455
-0.029245 -0.153260 0.020146
-0.028890 -0.149935 0.018387
-0.028584 -0.146702 0.017202
-0.028227 -0.143609 0.016034
-0.027903 -0.140324 0.014632
-0.027579 -0.137038 0.013230
-0.027216 -0.133881 0.011985
-0.026930 -0.130468 0.010426
-0.026623 -0.127376 0.009254
-0.026285 -0.124244 0.007724
-0.026010 -0.121100 0.006330
-0.025666 -0.118045 0.004737
-0.025451 -0.115031 0.003492
-0.025174 -0.112169 0.002123
-0.024942 -0.109103 0.000661
-0.024721 -0.106165 -0.000648
-0.024500 -0.103227 -0.001957
-0.024261 -0.100238 -0.003483
-0.024047 -0.097223 -0.004728
-0.023782 -0.094208 -0.005968
-0.023494 -0.091218 -0.007490
-0.023167 -0.088215 -0.008867
-0.022883 -0.085379 -0.009734
-0.022574 -0.082568 -0.010881
-0.022180 -0.079512 -0.012470
-0.021878 -0.076484 -0.013566
-0.021624 -0.073211 -0.015900
-0.021258 -0.070426 -0.016541
-0.020975 -0.067359 -0.017999
-0.020724 -0.064332 -0.019099
-0.020410 -0.061316 -0.020336
-0.020164 -0.058353 -0.021360
-0.019978 -0.055660 -0.022223
-0.019660 -0.052298 -0.023561
-0.019409 -0.049270 -0.024661
-0.019182 -0.046218 -0.025481
-0.018991 -0.043320 -0.026433
-0.018838 -0.040435 -0.027529
-0.018693 -0.037382 -0.029140
-0.018482 -0.034664 -0.029718
-0.018305 -0.031612 -0.030542
-0.018109 -0.028650 -0.031571
-0.017968 -0.025752 -0.032527
-0.017791 -0.022701 -0.033351
-0.017663 -0.019791 -0.034167
-0.017510 -0.016905 -0.035263
-0.017349 -0.014047 -0.035858
-0.017302 -0.011227 -0.036887
-0.017193 -0.008278 -0.038064
-0.017070 -0.005433 -0.038804
-0.016953 -0.002651 -0.039467
-0.016904 0.000027 -0.040483
-0.016877 0.003077 -0.041320
-0.016798 0.005986 -0.042140
-0.016731 0.008767 -0.042808
-0.016601 0.011536 -0.043611
-0.016597 0.014469 -0.044155
-0.016474 0.017174 -0.044882
-0.016433 0.020070 -0.045847
-0.016303 0.022839 -0.046650
-0.016272 0.025516 -0.046884
-0.016231 0.028412 -0.047849
-0.016277 0.031345 -0.048397
-0.016235 0.034291 -0.048796
-0.016262 0.037135 -0.049549
-0.016196 0.040056 -0.050229
-0.016148 0.042926 -0.050692
-0.016137 0.045783 -0.051300
-0.016157 0.048550 -0.052116
-0.016172 0.051572 -0.052456
-0.016156 0.054493 -0.053140
-0.016139 0.057273 -0.053811
-0.016111 0.060322 -0.054649
-0.016118 0.063127 -0.055040
-0.016046 0.066113 -0.055796
-0.015999 0.069124 -0.056272
-0.015984 0.072185 -0.056968
-0.015907 0.075376 -0.057814
-0.015697 0.078236 -0.058404
-0.015695 0.081401 -0.059539
-0.015606 0.084438 -0.060512
-0.015515 0.087335 -0.061472
-0.015343 0.090322 -0.062220
-0.015271 0.093308 -0.062976
-0.015120 0.096475 -0.064098
-0.015048 0.099461 -0.064854
-0.014883 0.102525 -0.065538
-0.014776 0.105614 -0.066728
-0.014686 0.108652 -0.067701
-0.014557 0.111562 -0.068517
-0.014456 0.114728 -0.069643
-0.014340 0.117651 -0.070318
-0.014306 0.120623 -0.071219
-0.014166 0.123662 -0.072188
-0.014219 0.126812 -0.072685
-0.014085 0.129786 -0.073577
-0.014075 0.132783 -0.074198
-0.014080 0.136025 -0.075268
-0.013982 0.138704 -0.076280
-0.013867 0.141767 -0.076968
-0.013801 0.144689 -0.077648
-0.013710 0.147586 -0.078609
-0.013577 0.150701 -0.079514
-0.013517 0.153699 -0.080130
-0.013434 0.156813 -0.081039
-0.013387 0.159824 -0.081515
-0.013302 0.162657 -0.082399
-0.013329 0.165641 -0.083164
-0.013300 0.168409 -0.083976
-0.013282 0.171189 -0.084647
-0.013340 0.173942 -0.085608
-0.013304 0.176774 -0.086497
-0.013387 0.179553 -0.087177
-0.013463 0.182396 -0.087934
-0.013439 0.185099 -0.088669
-0.013490 0.187826 -0.089129
-0.013514 0.190388 -0.089856
-0.013540 0.193091 -0.090596
-0.013522 0.195730 -0.091255
-0.013584 0.198279 -0.092127
-0.013552 0.200765 -0.092914
-0.013532 0.203122 -0.093548
-0.013561 0.205479 -0.094186
-0.013417 0.207813 -0.095093
-0.013354 0.210197 -0.096224
-0.013332 0.212414 -0.096846
-0.013256 0.214696 -0.097539
-0.013154 0.216952 -0.098514
-0.012995 0.218992 -0.099535
-0.012899 0.221185 -0.100433
-0.012752 0.223096 -0.101301
-0.012492 0.224997 -0.102302
-0.012300 0.226845 -0.103089
-0.012052 0.228617 -0.103937
-0.011804 0.230389 -0.104784
-0.011555 0.232020 -0.105619
-0.011261 0.233588 -0.106373
-0.011018 0.235155 -0.107131
-0.010721 0.236160 -0.107835
-0.010412 0.237292 -0.108692
-0.010040 0.238273 -0.109672
-0.009820 0.238814 -0.109986
-0.009634 0.239689 -0.110545
-0.009446 0.240281 -0.111080
-0.009330 0.240616 -0.111313
-0.009227 0.240913 -0.111972
-0.009164 0.240811 -0.111529
-0.009122 0.240979 -0.112039
-0.009140 0.240877 -0.112388
-0.009106 0.240544 -0.112142
-0.009041 0.240110 -0.112240
-0.009037 0.239546 -0.112190
-0.009050 0.238649 -0.111898
-0.009044 0.237804 -0.111823
-0.009124 0.236804 -0.111884
-0.009227 0.235547 -0.111640
-0.009223 0.234125 -0.110872
-0.009375 0.232727 -0.110620
-0.009543 0.230995 -0.110125
-0.009623 0.229277 -0.109482
-0.009734 0.227328 -0.109034
-0.009824 0.225199 -0.108213
-0.009957 0.222994 -0.107460
-0.010052 0.220660 -0.106549
-0.010139 0.218110 -0.105690
-0.010264 0.215546 -0.104976
-0.010401 0.212994 -0.104121
-0.010486 0.210161 -0.103237
-0.010637 0.206995 -0.102115
-0.010784 0.204033 -0.101082
-0.010929 0.200930 -0.100037
-0.011042 0.197636 -0.098758
-0.011180 0.194456 -0.097777
-0.011382 0.191238 -0.097225
-0.011499 0.187739 -0.095858
-0.011709 0.183970 -0.095116
-0.011819 0.180393 -0.093812
-0.011941 0.176497 -0.092908
-0.012168 0.172727 -0.091383
-0.012290 0.168831 -0.090480
-0.012467 0.165061 -0.088951
-0.012677 0.161342 -0.087643
-0.012973 0.157610 -0.086484
-0.013225 0.153673 -0.085232
-0.013577 0.149876 -0.084001
-0.013877 0.145797 -0.082741
-0.014227 0.141718 -0.081485
-0.014529 0.137780 -0.080237
-0.014824 0.133907 -0.079066
-0.015199 0.129852 -0.077529
-0.015477 0.126222 -0.076022
-0.015804 0.122450 -0.074506
-0.016187 0.118613 -0.072918
-0.016477 0.114995 -0.071270
-0.016849 0.111428 -0.069847
-0.017097 0.107887 -0.068131
-0.017406 0.104358 -0.066278
-0.017797 0.100880 -0.064652
-0.018057 0.097351 -0.062795
-0.018362 0.094028 -0.061032
-0.018736 0.090742 -0.059634
-0.019144 0.087071 -0.057778
-0.019443 0.083811 -0.056091
-0.019791 0.080410 -0.054396
-0.020221 0.077059 -0.052926
-0.020519 0.073658 -0.051227
-0.020856 0.070386 -0.049685
-0.021242 0.067112 -0.048147
-0.021473 0.063905 -0.046673
-0.021871 0.060503 -0.044982
-0.022170 0.057244 -0.043295
-0.022463 0.053907 -0.041672
-0.022806 0.050711 -0.040066
-0.023110 0.047247 -0.038290
-0.023333 0.043822 -0.036867
-0.023582 0.040422 -0.035163
-0.023857 0.037279 -0.033770
-0.024101 0.034084 -0.032155
-0.024394 0.030889 -0.030544
-0.024613 0.027669 -0.029210
-0.024905 0.024192 -0.027575
-0.025092 0.020922 -0.026020
-0.025316 0.017497 -0.024597
-0.025520 0.013984 -0.023378
-0.025751 0.010636 -0.021891
-0.025951 0.007327 -0.020761
-0.026263 0.004030 -0.019499
-0.026586 0.000604 -0.018085
-0.026811 -0.002730 -0.017240
-0.027127 -0.006233 -0.015890
-0.027321 -0.009618 -0.014824
-0.027482 -0.013245 -0.014090
-0.027806 -0.016581 -0.013254
-0.028025 -0.019991 -0.012473
-0.028188 -0.023196 -0.011776
-0.028481 -0.026583 -0.010719
-0.028750 -0.029853 -0.009955
-0.028964 -0.033059 -0.009263
-0.029073 -0.036058 -0.008651
-0.029207 -0.039032 -0.007759
-0.029322 -0.042095 -0.007071
-0.029401 -0.045004 -0.006251
-0.029515 -0.048209 -0.005550
-0.029588 -0.051054 -0.004806
-0.029766 -0.053964 -0.003995
-0.029888 -0.056951 -0.003243
-0.030061 -0.059656 -0.002520
-0.030146 -0.062489 -0.001636
-0.030289 -0.065105 -0.000705
-0.030406 -0.067886 -0.000042
-0.030586 -0.070515 0.000745
-0.030673 -0.073066 0.001604
-0.030748 -0.075629 0.002323
-0.030910 -0.078207 0.002892
-0.031053 -0.080822 0.003824
-0.031227 -0.083387 0.004534
-0.031371 -0.085862 0.005452
-0.031564 -0.088479 0.006379
-0.031769 -0.090942 0.007434
-0.031889 -0.093301 0.008059
-0.032038 -0.095981 0.009067
-0.032113 -0.098544 0.009786
-0.032286 -0.101250 0.010508
-0.032360 -0.103954 0.011239
-0.032470 -0.106812 0.011839
-0.032538 -0.109452 0.012493
-0.032754 -0.112376 0.013160
-0.032847 -0.115041 0.013530
-0.033014 -0.117823 0.014189
-0.033101 -0.120565 0.014495
-0.033265 -0.123629 0.015179
-0.033345 -0.126448 0.015421
-0.033390 -0.129740 0.015921
-0.033432 -0.132687 0.016321
-0.033415 -0.135991 0.016685
-0.033450 -0.139014 0.017021
-0.033402 -0.142279 0.017028
-0.033449 -0.145430 0.017516
-0.033388 -0.148848 0.017396
-0.033369 -0.152434 0.017786
-0.033314 -0.155916 0.017742
-0.033228 -0.159308 0.017907
-0.033130 -0.162713 0.017932
-0.033068 -0.166221 0.018390
-0.033001 -0.169575 0.018193
-0.032880 -0.172672 0.018477
-0.032783 -0.175936 0.018489
-0.032654 -0.179251 0.018722
-0.032576 -0.182426 0.018938
-0.032448 -0.185600 0.019159
-0.032358 -0.188647 0.019222
-0.032138 -0.191602 0.019503
-0.031998 -0.194788 0.019583
-0.032057 -0.197927 0.020211
-0.031882 -0.200678 0.020399
-0.031874 -0.203624 0.020802
-0.031793 -0.206312 0.020904
-0.031648 -0.209102 0.021449
-0.031652 -0.212036 0.021992
-0.031546 -0.214698 0.022380
-0.031395 -0.217565 0.022860
-0.031346 -0.220151 0.023307
-0.031220 -0.223044 0.023502
-0.031187 -0.225823 0.024178
-0.031026 -0.228421 0.024493
-0.030927 -0.231007 0.024944
-0.030865 -0.233606 0.025251
-0.030773 -0.235974 0.025753
-0.030667 -0.238636 0.026140
-0.030519 -0.241081 0.026583
-0.030364 -0.243602 0.026962
-0.030111 -0.245980 0.027337
-0.030012 -0.248425 0.027775
-0.029841 -0.250613 0.027912
-0.029667 -0.253172 0.028653
-0.029460 -0.255256 0.028356
-0.029385 -0.257958 0.029100
-0.029245 -0.260235 0.029029
-0.029159 -0.262668 0.029608
-0.028882 -0.264930 0.029690
-0.028766 -0.267182 0.029899
-0.028600 -0.269575 0.030125
-0.028387 -0.271544 0.030318
-0.028351 -0.273977 0.030892
-0.028177 -0.275678 0.030915
-0.028037 -0.277905 0.031409
-0.027986 -0.279723 0.031717
-0.027801 -0.281295 0.031587
-0.027739 -0.282934 0.032307
-0.027704 -0.284458 0.032730
-0.027707 -0.285713 0.032983
-0.027656 -0.286763 0.033152
