1305031121.900000
1305031099.380000
1305031099.390000
1305031099.400000
1305031099.410000
1305031099.420000
1305031099.430000
1305031099.440000
1305031099.450000
1305031099.460000
1305031099.470000
1305031099.480000
1305031099.490000
1305031099.500000
1305031099.510000
1305031099.520000
1305031099.530000
1305031099.540000
1305031099.540000
1305031099.550000
1305031099.550000
1305031099.560000
1305031099.570000
1305031099.580000
1305031099.590000
1305031099.600000
1305031099.610000
1305031099.620000
1305031099.630000
1305031099.640000
1305031099.650000
1305031099.660000
1305031099.670000
1305031099.680000
1305031099.690000
1305031099.700000
1305031099.710000
1305031099.720000
1305031099.730000
1305031099.740000
1305031099.750000
1305031099.760000
1305031099.770000
1305031099.780000
1305031099.790000
1305031099.800000
1305031099.810000
1305031099.820000
1305031099.820000
1305031099.830000
1305031099.840000
1305031099.850000
1305031099.860000
1305031099.870000
1305031099.880000
1305031099.890000
1305031099.900000
1305031099.910000
1305031099.920000
1305031099.930000
1305031099.940000
1305031099.950000
1305031099.960000
1305031099.970000
1305031099.980000
1305031099.990000
1305031100.000000
1305031100.010000
1305031100.020000
1305031100.030000
1305031100.040000
1305031100.050000
1305031100.060000
1305031100.070000
1305031100.080000
1305031100.090000
1305031100.100000
1305031100.110000
1305031100.120000
1305031100.130000
1305031100.140000
1305031100.150000
1305031100.160000
1305031100.170000
1305031100.180000
1305031100.190000
1305031100.200000
1305031100.210000
1305031100.220000
1305031100.230000
1305031100.240000
1305031100.250000
1305031100.260000
1305031100.270000
1305031100.280000
1305031100.290000
1305031100.300000
1305031100.310000
1305031100.320000
1305031100.330000
1305031100.340000
1305031100.350000
1305031100.360000
1305031100.370000
1305031100.380000
1305031100.390000
1305031100.400000
1305031100.410000
1305031100.420000
1305031100.430000
1305031100.440000
1305031100.450000
1305031100.460000
1305031100.470000
1305031100.480000
1305031100.490000
1305031100.500000
1305031100.510000
1305031100.520000
1305031100.530000
1305031100.540000
1305031100.550000
1305031100.560000
1305031100.570000
1305031100.580000
1305031100.580000
1305031100.590000
1305031100.600000
1305031100.610000
1305031100.610000
1305031100.620000
1305031100.630000
1305031100.640000
1305031100.650000
1305031100.660000
1305031100.670000
1305031100.680000
1305031100.690000
1305031100.700000
1305031100.710000
1305031100.720000
1305031100.730000
1305031100.740000
1305031100.750000
1305031100.760000
1305031100.770000
1305031100.780000
1305031100.790000
1305031100.800000
1305031100.810000
1305031100.810000
1305031100.820000
1305031100.830000
1305031100.840000
1305031100.850000
1305031100.860000
1305031100.870000
1305031100.880000
1305031100.890000
1305031100.900000
1305031100.910000
1305031100.920000
1305031100.930000
1305031100.940000
1305031100.950000
1305031100.960000
1305031100.970000
1305031100.980000
1305031100.990000
1305031101.000000
1305031101.010000
1305031101.020000
1305031101.030000
1305031101.040000
1305031101.050000
1305031101.060000
1305031101.070000
1305031101.080000
1305031101.080000
1305031101.090000
1305031101.100000
1305031101.110000
1305031101.120000
1305031101.130000
1305031101.140000
1305031101.150000
1305031101.160000
1305031101.170000
1305031101.180000
1305031101.190000
1305031101.200000
1305031101.210000
1305031101.220000
1305031101.230000
1305031101.240000
1305031101.250000
1305031101.260000
1305031101.270000
1305031101.280000
1305031101.290000
1305031101.300000
1305031101.310000
1305031101.320000
1305031101.330000
1305031101.340000
1305031101.350000
1305031101.360000
1305031101.370000
1305031101.380000
1305031101.390000
1305031101.400000
1305031101.410000
1305031101.420000
1305031101.430000
1305031101.440000
1305031101.450000
1305031101.460000
1305031101.470000
1305031101.480000
1305031101.490000
1305031101.500000
1305031101.510000
1305031101.520000
1305031101.530000
1305031101.540000
1305031101.550000
1305031101.560000
1305031101.570000
1305031101.580000
1305031101.590000
1305031101.600000
1305031101.610000
1305031101.620000
1305031101.630000
1305031101.640000
1305031101.650000
1305031101.660000
1305031101.670000
1305031101.680000
1305031101.690000
1305031101.700000
1305031101.710000
1305031101.720000
1305031101.730000
1305031101.740000
1305031101.750000
1305031101.760000
1305031101.770000
1305031101.780000
1305031101.790000
1305031101.800000
1305031101.810000
1305031101.820000
1305031101.830000
1305031101.840000
1305031101.850000
1305031101.860000
1305031101.870000
1305031101.880000
1305031101.890000
1305031101.900000
1305031101.910000
1305031101.920000
1305031101.930000
1305031101.940000
1305031101.950000
1305031101.960000
1305031101.970000
1305031101.980000
1305031101.990000
1305031102.000000
1305031102.010000
1305031102.020000
1305031102.030000
1305031102.030000
1305031102.040000
1305031102.050000
1305031102.060000
1305031102.070000
1305031102.070000
1305031102.080000
1305031102.090000
1305031102.090000
1305031102.100000
1305031102.110000
1305031102.110000
1305031102.120000
1305031102.120000
1305031102.130000
1305031102.140000
1305031102.150000
1305031102.160000
1305031102.170000
1305031102.180000
1305031102.190000
1305031102.200000
1305031102.210000
1305031102.220000
1305031102.230000
1305031102.240000
1305031102.250000
1305031102.260000
1305031102.270000
1305031102.280000
1305031102.290000
1305031102.300000
1305031102.310000
1305031102.320000
1305031102.330000
1305031102.340000
1305031102.350000
1305031102.360000
1305031102.370000
1305031102.380000
1305031102.390000
1305031102.400000
1305031102.410000
1305031102.420000
1305031102.430000
1305031102.440000
1305031102.450000
1305031102.460000
1305031102.470000
1305031102.480000
1305031102.490000
1305031102.500000
1305031102.510000
1305031102.520000
1305031102.530000
1305031102.540000
1305031102.550000
1305031102.560000
1305031102.570000
1305031102.580000
1305031102.590000
1305031102.600000
1305031102.610000
1305031102.620000
1305031102.630000
1305031102.640000
1305031102.650000
1305031102.660000
1305031102.670000
1305031102.680000
1305031102.690000
1305031102.700000
1305031102.710000
1305031102.720000
1305031102.730000
1305031102.740000
1305031102.750000
1305031102.760000
1305031102.770000
1305031102.780000
1305031102.790000
1305031102.800000
1305031102.810000
1305031102.820000
1305031102.830000
1305031102.840000
1305031102.850000
1305031102.860000
1305031102.870000
1305031102.880000
1305031102.890000
1305031102.900000
1305031102.910000
1305031102.920000
1305031102.930000
1305031102.940000
1305031102.950000
1305031102.960000
1305031102.970000
1305031102.980000
1305031102.990000
1305031103.000000
1305031103.010000
1305031103.020000
1305031103.030000
1305031103.040000
1305031103.050000
1305031103.060000
1305031103.070000
1305031103.080000
1305031103.090000
1305031103.100000
1305031103.110000
1305031103.120000
1305031103.130000
1305031103.140000
1305031103.150000
1305031103.160000
1305031103.170000
1305031103.180000
1305031103.190000
1305031103.200000
1305031103.210000
1305031103.220000
1305031103.230000
1305031103.240000
1305031103.250000
1305031103.260000
1305031103.270000
1305031103.280000
1305031103.290000
1305031103.300000
1305031103.310000
1305031103.320000
1305031103.330000
1305031103.340000
1305031103.350000
1305031103.360000
1305031103.370000
1305031103.380000
1305031103.390000
1305031103.400000
1305031103.410000
1305031103.420000
1305031103.430000
1305031103.440000
1305031103.450000
1305031103.460000
1305031103.470000
1305031103.480000
1305031103.490000
1305031103.500000
1305031103.510000
1305031103.520000
1305031103.530000
1305031103.540000
1305031103.550000
1305031103.560000
1305031103.570000
1305031103.580000
1305031103.590000
1305031103.600000
1305031103.610000
1305031103.620000
1305031103.630000
1305031103.640000
1305031103.650000
1305031103.660000
1305031103.670000
1305031103.680000
1305031103.690000
1305031103.700000
1305031103.710000
1305031103.720000
1305031103.730000
1305031103.740000
1305031103.750000
1305031103.760000
1305031103.770000
1305031103.780000
1305031103.790000
1305031103.800000
1305031103.810000
1305031103.820000
1305031103.830000
1305031103.840000
1305031103.850000
1305031103.860000
1305031103.870000
1305031103.880000
1305031103.890000
1305031103.900000
1305031103.910000
1305031103.920000
1305031103.930000
1305031103.940000
1305031103.950000
1305031103.960000
1305031103.970000
1305031103.980000
1305031103.990000
1305031104.000000
1305031104.010000
1305031104.020000
1305031104.030000
1305031104.040000
1305031104.050000
1305031104.060000
1305031104.070000
1305031104.080000
1305031104.090000
1305031104.100000
1305031104.110000
1305031104.120000
1305031104.130000
1305031104.140000
1305031104.150000
1305031104.160000
1305031104.170000
1305031104.180000
1305031104.190000
1305031104.200000
1305031104.210000
1305031104.220000
1305031104.230000
1305031104.240000
1305031104.250000
1305031104.260000
1305031104.270000
1305031104.280000
1305031104.290000
1305031104.300000
1305031104.310000
1305031104.320000
1305031104.330000
1305031104.340000
1305031104.350000
1305031104.360000
1305031104.370000
1305031104.380000
1305031104.390000
1305031104.400000
1305031104.410000
1305031104.420000
1305031104.430000
1305031104.440000
1305031104.450000
1305031104.460000
1305031104.470000
1305031104.480000
1305031104.490000
1305031104.500000
1305031104.510000
1305031104.520000
1305031104.530000
1305031104.540000
1305031104.550000
1305031104.560000
1305031104.570000
1305031104.580000
1305031104.590000
1305031104.600000
1305031104.610000
1305031104.620000
1305031104.630000
1305031104.640000
1305031104.650000
1305031104.660000
1305031104.670000
1305031104.680000
1305031104.690000
1305031104.700000
1305031104.710000
1305031104.720000
1305031104.730000
1305031104.740000
1305031104.750000
1305031104.760000
1305031104.770000
1305031104.780000
1305031104.790000
1305031104.800000
1305031104.810000
1305031104.820000
1305031104.830000
1305031104.840000
1305031104.850000
1305031104.860000
1305031104.870000
1305031104.880000
1305031104.890000
1305031104.900000
1305031104.910000
1305031104.920000
1305031104.930000
1305031104.940000
1305031104.950000
1305031104.960000
1305031104.970000
1305031104.980000
1305031104.990000
1305031105.000000
1305031105.010000
1305031105.020000
1305031105.030000
1305031105.040000
1305031105.050000
1305031105.060000
1305031105.070000
1305031105.080000
1305031105.090000
1305031105.100000
1305031105.110000
1305031105.120000
1305031105.130000
1305031105.140000
1305031105.150000
1305031105.160000
1305031105.170000
1305031105.180000
1305031105.190000
1305031105.200000
1305031105.210000
1305031105.220000
1305031105.230000
1305031105.240000
1305031105.250000
1305031105.260000
1305031105.270000
1305031105.280000
1305031105.290000
1305031105.300000
1305031105.310000
1305031105.320000
1305031105.330000
1305031105.340000
1305031105.350000
1305031105.360000
1305031105.370000
1305031105.380000
1305031105.390000
1305031105.400000
1305031105.410000
1305031105.420000
1305031105.430000
1305031105.440000
1305031105.450000
1305031105.460000
1305031105.470000
1305031105.480000
1305031105.490000
1305031105.500000
1305031105.510000
1305031105.520000
1305031105.530000
1305031105.540000
1305031105.550000
1305031105.560000
1305031105.570000
1305031105.580000
1305031105.590000
1305031105.600000
1305031105.610000
1305031105.620000
1305031105.630000
1305031105.640000
1305031105.650000
1305031105.660000
1305031105.670000
1305031105.680000
1305031105.690000
1305031105.700000
1305031105.710000
1305031105.720000
1305031105.730000
1305031105.740000
1305031105.750000
1305031105.760000
1305031105.770000
1305031105.780000
1305031105.790000
1305031105.800000
1305031105.810000
1305031105.820000
1305031105.830000
1305031105.840000
1305031105.850000
1305031105.860000
1305031105.870000
1305031105.880000
1305031105.890000
1305031105.900000
1305031105.910000
1305031105.920000
1305031105.930000
1305031105.940000
1305031105.950000
1305031105.960000
1305031105.970000
1305031105.980000
1305031105.990000
1305031106.000000
1305031106.010000
1305031106.020000
1305031106.030000
1305031106.040000
1305031106.050000
1305031106.060000
1305031106.070000
1305031106.080000
1305031106.090000
1305031106.100000
1305031106.110000
1305031106.120000
1305031106.130000
1305031106.140000
1305031106.150000
1305031106.160000
1305031106.170000
1305031106.180000
1305031106.190000
1305031106.200000
1305031106.210000
1305031106.220000
1305031106.230000
1305031106.240000
1305031106.250000
1305031106.260000
1305031106.270000
1305031106.280000
1305031106.290000
1305031106.300000
1305031106.310000
1305031106.320000
1305031106.330000
1305031106.340000
1305031106.350000
1305031106.360000
1305031106.370000
1305031106.380000
1305031106.390000
1305031106.400000
1305031106.410000
1305031106.420000
1305031106.430000
1305031106.440000
1305031106.450000
1305031106.460000
1305031106.470000
1305031106.480000
1305031106.490000
1305031106.500000
1305031106.510000
1305031106.520000
1305031106.530000
1305031106.540000
1305031106.550000
1305031106.560000
1305031106.570000
1305031106.580000
1305031106.590000
1305031106.600000
1305031106.610000
1305031106.620000
1305031106.630000
1305031106.640000
1305031106.650000
1305031106.660000
1305031106.670000
1305031106.680000
1305031106.690000
1305031106.700000
1305031106.710000
1305031106.720000
1305031106.730000
1305031106.740000
1305031106.750000
1305031106.760000
1305031106.770000
1305031106.780000
1305031106.790000
1305031106.800000
1305031106.810000
1305031106.820000
1305031106.830000
1305031106.840000
1305031106.850000
1305031106.860000
1305031106.870000
1305031106.880000
1305031106.890000
1305031106.900000
1305031106.910000
1305031106.920000
1305031106.930000
1305031106.940000
1305031106.950000
1305031106.960000
1305031106.970000
1305031106.980000
1305031106.990000
1305031107.000000
1305031107.010000
1305031107.020000
1305031107.030000
1305031107.040000
1305031107.050000
1305031107.060000
1305031107.070000
1305031107.080000
1305031107.090000
1305031107.100000
1305031107.110000
1305031107.120000
1305031107.130000
1305031107.140000
1305031107.150000
1305031107.160000
1305031107.170000
1305031107.180000
1305031107.190000
1305031107.200000
1305031107.210000
1305031107.220000
1305031107.230000
1305031107.240000
1305031107.250000
1305031107.260000
1305031107.270000
1305031107.280000
1305031107.290000
1305031107.300000
1305031107.310000
1305031107.320000
1305031107.330000
1305031107.340000
1305031107.350000
1305031107.360000
1305031107.370000
1305031107.380000
1305031107.390000
1305031107.400000
1305031107.410000
1305031107.420000
1305031107.430000
1305031107.440000
1305031107.450000
1305031107.460000
1305031107.470000
1305031107.480000
1305031107.490000
1305031107.500000
1305031107.510000
1305031107.520000
1305031107.530000
1305031107.540000
1305031107.550000
1305031107.560000
1305031107.570000
1305031107.580000
1305031107.590000
1305031107.600000
1305031107.610000
1305031107.620000
1305031107.630000
1305031107.640000
1305031107.650000
1305031107.660000
1305031107.670000
1305031107.680000
1305031107.690000
1305031107.700000
1305031107.710000
1305031107.720000
1305031107.730000
1305031107.740000
1305031107.750000
1305031107.760000
1305031107.770000
1305031107.780000
1305031107.790000
1305031107.800000
1305031107.810000
1305031107.820000
1305031107.830000
1305031107.840000
1305031107.850000
1305031107.860000
1305031107.870000
1305031107.880000
1305031107.890000
1305031107.900000
1305031107.910000
1305031107.920000
1305031107.930000
1305031107.940000
1305031107.950000
1305031107.960000
1305031107.970000
1305031107.980000
1305031107.990000
1305031108.000000
1305031108.010000
1305031108.020000
1305031108.030000
1305031108.040000
1305031108.050000
1305031108.060000
1305031108.070000
1305031108.080000
1305031108.090000
1305031108.100000
1305031108.110000
1305031108.120000
1305031108.130000
1305031108.140000
1305031108.150000
1305031108.160000
1305031108.170000
1305031108.180000
1305031108.190000
1305031108.200000
1305031108.210000
1305031108.220000
1305031108.230000
1305031108.240000
1305031108.250000
1305031108.260000
1305031108.270000
1305031108.280000
1305031108.290000
1305031108.300000
1305031108.310000
1305031108.320000
1305031108.330000
1305031108.340000
1305031108.350000
1305031108.360000
1305031108.370000
1305031108.380000
1305031108.390000
1305031108.400000
1305031108.410000
1305031108.420000
1305031108.430000
1305031108.440000
1305031108.450000
1305031108.460000
1305031108.470000
1305031108.480000
1305031108.490000
1305031108.500000
1305031108.510000
1305031108.520000
1305031108.530000
1305031108.540000
1305031108.550000
1305031108.560000
1305031108.560000
1305031108.570000
1305031108.570000
1305031108.580000
1305031108.580000
1305031108.590000
1305031108.590000
1305031108.600000
1305031108.610000
1305031108.620000
1305031108.630000
1305031108.640000
1305031108.650000
1305031108.660000
1305031108.670000
1305031108.680000
1305031108.690000
1305031108.700000
1305031108.710000
1305031108.720000
1305031108.730000
1305031108.740000
1305031108.750000
1305031108.760000
1305031108.770000
1305031108.780000
1305031108.790000
1305031108.800000
1305031108.810000
1305031108.820000
1305031108.830000
1305031108.840000
1305031108.910000
1305031108.920000
1305031108.950000
1305031108.960000
1305031108.970000
1305031108.980000
1305031108.990000
1305031109.000000
1305031109.010000
1305031109.020000
1305031109.030000
1305031109.040000
1305031109.050000
1305031109.060000
1305031109.070000
1305031109.080000
1305031109.090000
1305031109.100000
1305031109.110000
1305031109.120000
1305031109.130000
1305031109.140000
1305031109.150000
1305031109.160000
1305031109.170000
1305031109.180000
1305031109.190000
1305031109.200000
1305031109.210000
1305031109.220000
1305031109.230000
1305031109.240000
1305031109.250000
1305031109.260000
1305031109.270000
1305031109.280000
1305031109.290000
1305031109.300000
1305031109.310000
1305031109.320000
1305031109.330000
1305031109.340000
1305031109.340000
1305031109.350000
1305031109.360000
1305031109.370000
1305031109.380000
1305031109.390000
1305031109.400000
1305031109.410000
1305031109.420000
1305031109.430000
1305031109.440000
1305031109.450000
1305031109.460000
1305031109.470000
1305031109.480000
1305031109.490000
1305031109.500000
1305031109.510000
1305031109.520000
1305031109.530000
1305031109.540000
1305031109.550000
1305031109.560000
1305031109.570000
1305031109.580000
1305031109.590000
1305031109.600000
1305031109.610000
1305031109.620000
1305031109.630000
1305031109.640000
1305031109.650000
1305031109.660000
1305031109.670000
1305031109.680000
1305031109.690000
1305031109.700000
1305031109.710000
1305031109.720000
1305031109.730000
1305031109.740000
1305031109.750000
1305031109.760000
1305031109.770000
1305031109.780000
1305031109.790000
1305031109.800000
1305031109.810000
1305031109.820000
1305031109.830000
1305031109.840000
1305031109.850000
1305031109.860000
1305031109.870000
1305031109.880000
1305031109.890000
1305031109.900000
1305031109.910000
1305031109.920000
1305031109.930000
1305031109.940000
1305031109.950000
1305031109.960000
1305031109.970000
1305031109.980000
1305031109.990000
1305031110.000000
1305031110.010000
1305031110.020000
1305031110.030000
1305031110.040000
1305031110.050000
1305031110.050000
1305031110.060000
1305031110.070000
1305031110.080000
1305031110.090000
1305031110.100000
1305031110.110000
1305031110.120000
1305031110.130000
1305031110.140000
1305031110.150000
1305031110.160000
1305031110.170000
1305031110.180000
1305031110.190000
1305031110.200000
1305031110.210000
1305031110.220000
1305031110.230000
1305031110.240000
1305031110.250000
1305031110.260000
1305031110.270000
1305031110.280000
1305031110.290000
1305031110.300000
1305031110.310000
1305031110.320000
1305031110.330000
1305031110.340000
1305031110.350000
1305031110.360000
1305031110.370000
1305031110.380000
1305031110.390000
1305031110.400000
1305031110.410000
1305031110.420000
1305031110.430000
1305031110.440000
1305031110.450000
1305031110.460000
1305031110.470000
1305031110.480000
1305031110.490000
1305031110.500000
1305031110.510000
1305031110.520000
1305031110.530000
1305031110.540000
1305031110.550000
1305031110.560000
1305031110.570000
1305031110.580000
1305031110.590000
1305031110.600000
1305031110.610000
1305031110.620000
1305031110.630000
1305031110.640000
1305031110.650000
1305031110.660000
1305031110.670000
1305031110.680000
1305031110.690000
1305031110.700000
1305031110.710000
1305031110.720000
1305031110.730000
1305031110.740000
1305031110.750000
1305031110.760000
1305031110.770000
1305031110.780000
1305031110.790000
1305031110.800000
1305031110.810000
1305031110.820000
1305031110.830000
1305031110.840000
1305031110.850000
1305031110.860000
1305031110.870000
1305031110.880000
1305031110.890000
1305031110.900000
1305031110.910000
1305031110.920000
1305031110.930000
1305031110.940000
1305031110.950000
1305031110.960000
1305031110.970000
1305031110.980000
1305031110.990000
1305031111.000000
1305031111.010000
1305031111.020000
1305031111.030000
1305031111.040000
1305031111.050000
1305031111.060000
1305031111.070000
1305031111.080000
1305031111.090000
1305031111.100000
1305031111.110000
1305031111.120000
1305031111.130000
1305031111.140000
1305031111.150000
1305031111.160000
1305031111.170000
1305031111.180000
1305031111.190000
1305031111.200000
1305031111.210000
1305031111.220000
1305031111.230000
1305031111.240000
1305031111.250000
1305031111.260000
1305031111.270000
1305031111.280000
1305031111.290000
1305031111.300000
1305031111.310000
1305031111.320000
1305031111.330000
1305031111.340000
1305031111.350000
1305031111.360000
1305031111.370000
1305031111.380000
1305031111.390000
1305031111.400000
1305031111.410000
1305031111.420000
1305031111.430000
1305031111.440000
1305031111.450000
1305031111.460000
1305031111.470000
1305031111.480000
1305031111.490000
1305031111.500000
1305031111.510000
1305031111.520000
1305031111.530000
1305031111.540000
1305031111.550000
1305031111.560000
1305031111.570000
1305031111.580000
1305031111.590000
1305031111.600000
1305031111.610000
1305031111.620000
1305031111.630000
1305031111.640000
1305031111.650000
1305031111.660000
1305031111.670000
1305031111.680000
1305031111.690000
1305031111.700000
1305031111.710000
1305031111.720000
1305031111.730000
1305031111.740000
1305031111.750000
1305031111.760000
1305031111.770000
1305031111.780000
1305031111.790000
1305031111.800000
1305031111.810000
1305031111.820000
1305031111.830000
1305031111.840000
1305031111.850000
1305031111.860000
1305031111.870000
1305031111.880000
1305031111.890000
1305031111.900000
1305031111.910000
1305031111.920000
1305031111.930000
1305031111.940000
1305031111.950000
1305031111.960000
1305031111.970000
1305031111.980000
1305031111.990000
1305031112.000000
1305031112.010000
1305031112.020000
1305031112.030000
1305031112.040000
1305031112.050000
1305031112.060000
1305031112.070000
1305031112.080000
1305031112.090000
1305031112.100000
1305031112.110000
1305031112.120000
1305031112.130000
1305031112.140000
1305031112.150000
1305031112.160000
1305031112.170000
1305031112.180000
1305031112.190000
1305031112.200000
1305031112.210000
1305031112.220000
1305031112.230000
1305031112.240000
1305031112.250000
1305031112.260000
1305031112.270000
1305031112.280000
1305031112.290000
1305031112.300000
1305031112.310000
1305031112.320000
1305031112.330000
1305031112.340000
1305031112.350000
1305031112.360000
1305031112.370000
1305031112.380000
1305031112.390000
1305031112.400000
1305031112.410000
1305031112.420000
1305031112.430000
1305031112.440000
1305031112.450000
1305031112.460000
1305031112.470000
1305031112.480000
1305031112.490000
1305031112.500000
1305031112.510000
1305031112.520000
1305031112.530000
1305031112.540000
1305031112.550000
1305031112.560000
1305031112.560000
1305031112.570000
1305031112.580000
1305031112.590000
1305031112.600000
1305031112.600000
1305031112.610000
1305031112.620000
1305031112.630000
1305031112.640000
1305031112.650000
1305031112.660000
1305031112.670000
1305031112.680000
1305031112.690000
1305031112.700000
1305031112.710000
1305031112.720000
1305031112.730000
1305031112.740000
1305031112.750000
1305031112.760000
1305031112.770000
1305031112.780000
1305031112.790000
1305031112.800000
1305031112.810000
1305031112.820000
1305031112.830000
1305031112.840000
1305031112.850000
1305031112.860000
1305031112.870000
1305031112.880000
1305031112.890000
1305031112.900000
1305031112.910000
1305031112.920000
1305031112.930000
1305031112.940000
1305031112.950000
1305031112.960000
1305031112.970000
1305031112.980000
1305031112.990000
1305031113.000000
1305031113.010000
1305031113.020000
1305031113.030000
1305031113.040000
1305031113.050000
1305031113.060000
1305031113.070000
1305031113.080000
1305031113.090000
1305031113.100000
1305031113.110000
1305031113.120000
1305031113.130000
1305031113.140000
1305031113.150000
1305031113.160000
1305031113.170000
1305031113.180000
1305031113.190000
1305031113.200000
1305031113.210000
1305031113.220000
1305031113.230000
1305031113.240000
1305031113.250000
1305031113.260000
1305031113.270000
1305031113.280000
1305031113.290000
1305031113.300000
1305031113.310000
1305031113.320000
1305031113.330000
1305031113.340000
1305031113.350000
1305031113.360000
1305031113.370000
1305031113.380000
1305031113.390000
1305031113.400000
1305031113.410000
1305031113.420000
1305031113.430000
1305031113.440000
1305031113.450000
1305031113.460000
1305031113.470000
1305031113.480000
1305031113.490000
1305031113.500000
1305031113.510000
1305031113.520000
1305031113.530000
1305031113.540000
1305031113.550000
1305031113.560000
1305031113.570000
1305031113.580000
1305031113.590000
1305031113.600000
1305031113.610000
1305031113.620000
1305031113.630000
1305031113.640000
1305031113.650000
1305031113.660000
1305031113.670000
1305031113.680000
1305031113.690000
1305031113.700000
1305031113.710000
1305031113.720000
1305031113.730000
1305031113.740000
1305031113.750000
1305031113.760000
1305031113.770000
1305031113.780000
1305031113.790000
1305031113.800000
1305031113.810000
1305031113.820000
1305031113.830000
1305031113.840000
1305031113.850000
1305031113.860000
1305031113.870000
1305031113.880000
1305031113.890000
1305031113.900000
1305031113.910000
1305031113.920000
1305031113.930000
1305031113.940000
1305031113.950000
1305031113.960000
1305031113.970000
1305031113.980000
1305031113.990000
1305031114.000000
1305031114.010000
1305031114.020000
1305031114.030000
1305031114.040000
1305031114.050000
1305031114.060000
1305031114.070000
1305031114.080000
1305031114.090000
1305031114.100000
1305031114.110000
1305031114.120000
1305031114.130000
1305031114.140000
1305031114.150000
1305031114.160000
1305031114.170000
1305031114.180000
1305031114.190000
1305031114.200000
1305031114.210000
1305031114.220000
1305031114.230000
1305031114.240000
1305031114.250000
1305031114.260000
1305031114.270000
1305031114.280000
1305031114.290000
1305031114.300000
1305031114.310000
1305031114.320000
1305031114.330000
1305031114.340000
1305031114.350000
1305031114.360000
1305031114.370000
1305031114.380000
1305031114.390000
1305031114.400000
1305031114.410000
1305031114.420000
1305031114.430000
1305031114.440000
1305031114.450000
1305031114.460000
1305031114.470000
1305031114.480000
1305031114.490000
1305031114.500000
1305031114.510000
1305031114.520000
1305031114.530000
1305031114.540000
1305031114.550000
1305031114.560000
1305031114.570000
1305031114.580000
1305031114.590000
1305031114.600000
1305031114.610000
1305031114.620000
1305031114.630000
1305031114.640000
1305031114.650000
1305031114.660000
1305031114.670000
1305031114.680000
1305031114.690000
1305031114.700000
1305031114.710000
1305031114.720000
1305031114.730000
1305031114.740000
1305031114.750000
1305031114.760000
1305031114.770000
1305031114.780000
1305031114.790000
1305031114.800000
1305031114.810000
1305031114.820000
1305031114.830000
1305031114.840000
1305031114.850000
1305031114.860000
1305031114.870000
1305031114.880000
1305031114.890000
1305031114.900000
1305031114.910000
1305031114.920000
1305031114.930000
1305031114.940000
1305031114.950000
1305031114.960000
1305031114.970000
1305031114.980000
1305031114.990000
1305031115.000000
1305031115.010000
1305031115.020000
1305031115.030000
1305031115.040000
1305031115.050000
1305031115.060000
1305031115.070000
1305031115.080000
1305031115.090000
1305031115.100000
1305031115.110000
1305031115.120000
1305031115.130000
1305031115.140000
1305031115.150000
1305031115.160000
1305031115.170000
1305031115.180000
1305031115.190000
1305031115.200000
1305031115.210000
1305031115.220000
1305031115.230000
1305031115.240000
1305031115.250000
1305031115.260000
1305031115.270000
1305031115.280000
1305031115.290000
1305031115.300000
1305031115.310000
1305031115.320000
1305031115.330000
1305031115.340000
1305031115.350000
1305031115.360000
1305031115.370000
1305031115.380000
1305031115.390000
1305031115.400000
1305031115.410000
1305031115.420000
1305031115.430000
1305031115.440000
1305031115.450000
1305031115.460000
1305031115.470000
1305031115.480000
1305031115.490000
1305031115.500000
1305031115.510000
1305031115.520000
1305031115.530000
1305031115.540000
1305031115.550000
1305031115.560000
1305031115.570000
1305031115.580000
1305031115.590000
1305031115.600000
1305031115.610000
1305031115.620000
1305031115.630000
1305031115.640000
1305031115.650000
1305031115.660000
1305031115.670000
1305031115.680000
1305031115.690000
1305031115.700000
1305031115.710000
1305031115.720000
1305031115.730000
1305031115.740000
1305031115.750000
1305031115.760000
1305031115.770000
1305031115.780000
1305031115.790000
1305031115.800000
1305031115.810000
1305031115.820000
1305031115.830000
1305031115.840000
1305031115.850000
1305031115.860000
1305031115.870000
1305031115.880000
1305031115.890000
1305031115.900000
1305031115.910000
1305031115.920000
1305031115.930000
1305031115.940000
1305031115.950000
1305031115.960000
1305031115.970000
1305031115.980000
1305031115.990000
1305031116.000000
1305031116.010000
1305031116.020000
1305031116.030000
1305031116.040000
1305031116.050000
1305031116.060000
1305031116.070000
1305031116.080000
1305031116.090000
1305031116.100000
1305031116.110000
1305031116.120000
1305031116.130000
1305031116.140000
1305031116.150000
1305031116.160000
1305031116.170000
1305031116.180000
1305031116.190000
1305031116.200000
1305031116.210000
1305031116.220000
1305031116.230000
1305031116.240000
1305031116.250000
1305031116.260000
1305031116.270000
1305031116.280000
1305031116.290000
1305031116.300000
1305031116.310000
1305031116.320000
1305031116.330000
1305031116.340000
1305031116.350000
1305031116.360000
1305031116.370000
1305031116.380000
1305031116.390000
1305031116.400000
1305031116.410000
1305031116.420000
1305031116.430000
1305031116.440000
1305031116.450000
1305031116.460000
1305031116.470000
1305031116.480000
1305031116.490000
1305031116.500000
1305031116.510000
1305031116.520000
1305031116.530000
1305031116.540000
1305031116.550000
1305031116.560000
1305031116.570000
1305031116.580000
1305031116.590000
1305031116.600000
1305031116.610000
1305031116.620000
1305031116.630000
1305031116.640000
1305031116.650000
1305031116.660000
1305031116.670000
1305031116.680000
1305031116.690000
1305031116.700000
1305031116.710000
1305031116.720000
1305031116.730000
1305031116.740000
1305031116.750000
1305031116.760000
1305031116.770000
1305031116.780000
1305031116.790000
1305031116.800000
1305031116.810000
1305031116.820000
1305031116.830000
1305031116.840000
1305031116.850000
1305031116.860000
1305031116.870000
1305031116.880000
1305031116.890000
1305031116.900000
1305031116.910000
1305031116.920000
1305031116.930000
1305031116.940000
1305031116.950000
1305031116.960000
1305031116.970000
1305031116.980000
1305031116.990000
1305031117.000000
1305031117.010000
1305031117.020000
1305031117.030000
1305031117.040000
1305031117.050000
1305031117.060000
1305031117.070000
1305031117.080000
1305031117.090000
1305031117.100000
1305031117.110000
1305031117.120000
1305031117.130000
1305031117.140000
1305031117.150000
1305031117.160000
1305031117.170000
1305031117.180000
1305031117.190000
1305031117.200000
1305031117.210000
1305031117.220000
1305031117.230000
1305031117.240000
1305031117.250000
1305031117.260000
1305031117.270000
1305031117.280000
1305031117.290000
1305031117.300000
1305031117.310000
1305031117.320000
1305031117.330000
1305031117.340000
1305031117.350000
1305031117.360000
1305031117.370000
1305031117.380000
1305031117.390000
1305031117.400000
1305031117.410000
1305031117.420000
1305031117.430000
1305031117.440000
1305031117.450000
1305031117.460000
1305031117.470000
1305031117.480000
1305031117.490000
1305031117.500000
1305031117.510000
1305031117.520000
1305031117.530000
1305031117.540000
1305031117.550000
1305031117.560000
1305031117.570000
1305031117.580000
1305031117.590000
1305031117.600000
1305031117.610000
1305031117.620000
1305031117.630000
1305031117.640000
1305031117.650000
1305031117.660000
1305031117.670000
1305031117.680000
1305031117.690000
1305031117.700000
1305031117.710000
1305031117.720000
1305031117.730000
1305031117.740000
1305031117.750000
1305031117.760000
1305031117.770000
1305031117.780000
1305031117.790000
1305031117.800000
1305031117.810000
1305031117.820000
1305031117.830000
1305031117.840000
1305031117.850000
1305031117.860000
1305031117.870000
1305031117.880000
1305031117.890000
1305031117.900000
1305031117.910000
1305031117.920000
1305031117.930000
1305031117.940000
1305031117.950000
1305031117.960000
1305031117.970000
1305031117.980000
1305031117.990000
1305031118.000000
1305031118.010000
1305031118.020000
1305031118.030000
1305031118.040000
1305031118.050000
1305031118.060000
1305031118.070000
1305031118.080000
1305031118.090000
1305031118.100000
1305031118.110000
1305031118.120000
1305031118.130000
1305031118.140000
1305031118.150000
1305031118.160000
1305031118.170000
1305031118.180000
1305031118.190000
1305031118.200000
1305031118.210000
1305031118.220000
1305031118.230000
1305031118.240000
1305031118.250000
1305031118.260000
1305031118.270000
1305031118.280000
1305031118.290000
1305031118.300000
1305031118.310000
1305031118.320000
1305031118.330000
1305031118.340000
1305031118.350000
1305031118.360000
1305031118.370000
1305031118.380000
1305031118.390000
1305031118.400000
1305031118.410000
1305031118.420000
1305031118.430000
1305031118.440000
1305031118.450000
1305031118.460000
1305031118.470000
1305031118.480000
1305031118.490000
1305031118.500000
1305031118.510000
1305031118.520000
1305031118.530000
1305031118.540000
1305031118.550000
1305031118.560000
1305031118.570000
1305031118.580000
1305031118.590000
1305031118.600000
1305031118.610000
1305031118.620000
1305031118.630000
1305031118.640000
1305031118.650000
1305031118.660000
1305031118.670000
1305031118.680000
1305031118.690000
1305031118.700000
1305031118.710000
1305031118.720000
1305031118.730000
1305031118.740000
1305031118.750000
1305031118.760000
1305031118.770000
1305031118.780000
1305031118.790000
1305031118.800000
1305031118.810000
1305031118.820000
1305031118.830000
1305031118.840000
1305031118.850000
1305031118.860000
1305031118.870000
1305031118.880000
1305031118.890000
1305031118.900000
1305031118.910000
1305031118.920000
1305031118.930000
1305031118.940000
1305031118.950000
1305031118.960000
1305031118.970000
1305031118.980000
1305031118.990000
1305031119.000000
1305031119.010000
1305031119.020000
1305031119.030000
1305031119.040000
1305031119.050000
1305031119.060000
1305031119.070000
1305031119.080000
1305031119.090000
1305031119.100000
1305031119.110000
1305031119.120000
1305031119.130000
1305031119.140000
1305031119.150000
1305031119.160000
1305031119.170000
1305031119.180000
1305031119.190000
1305031119.200000
1305031119.210000
1305031119.220000
1305031119.230000
1305031119.240000
1305031119.250000
1305031119.260000
1305031119.270000
1305031119.280000
1305031119.290000
1305031119.300000
1305031119.310000
1305031119.320000
1305031119.330000
1305031119.340000
1305031119.350000
1305031119.360000
1305031119.370000
1305031119.380000
1305031119.390000
1305031119.400000
1305031119.410000
1305031119.420000
1305031119.430000
1305031119.440000
1305031119.450000
1305031119.460000
1305031119.470000
1305031119.480000
1305031119.490000
1305031119.500000
1305031119.510000
1305031119.520000
1305031119.530000
1305031119.540000
1305031119.550000
1305031119.560000
1305031119.570000
1305031119.580000
1305031119.590000
1305031119.600000
1305031119.610000
1305031119.620000
1305031119.630000
1305031119.640000
1305031119.650000
1305031119.660000
1305031119.670000
1305031119.680000
1305031119.690000
1305031119.700000
1305031119.710000
1305031119.720000
1305031119.730000
1305031119.740000
1305031119.750000
1305031119.760000
1305031119.770000
1305031119.780000
1305031119.790000
1305031119.800000
1305031119.810000
1305031119.820000
1305031119.830000
1305031119.840000
1305031119.850000
1305031119.860000
1305031119.870000
1305031119.880000
1305031119.890000
1305031119.900000
1305031119.910000
1305031119.920000
1305031119.930000
1305031119.940000
1305031119.950000
1305031119.960000
1305031119.970000
1305031119.980000
1305031119.990000
1305031120.000000
1305031120.010000
1305031120.020000
1305031120.030000
1305031120.040000
1305031120.050000
1305031120.060000
1305031120.070000
1305031120.080000
1305031120.090000
1305031120.100000
1305031120.110000
1305031120.120000
1305031120.130000
1305031120.140000
1305031120.150000
1305031120.160000
1305031120.170000
1305031120.180000
1305031120.190000
1305031120.200000
1305031120.210000
1305031120.220000
1305031120.230000
1305031120.240000
1305031120.250000
1305031120.260000
1305031120.270000
1305031120.280000
1305031120.290000
1305031120.300000
1305031120.310000
1305031120.320000
1305031120.330000
1305031120.340000
1305031120.350000
1305031120.360000
1305031120.370000
1305031120.380000
1305031120.390000
1305031120.400000
1305031120.410000
1305031120.420000
1305031120.430000
1305031120.440000
1305031120.450000
1305031120.460000
1305031120.470000
1305031120.480000
1305031120.490000
1305031120.500000
1305031120.510000
1305031120.520000
1305031120.530000
1305031120.540000
1305031120.550000
1305031120.560000
1305031120.570000
1305031120.580000
1305031120.590000
1305031120.600000
1305031120.610000
1305031120.620000
1305031120.630000
1305031120.640000
1305031120.650000
1305031120.660000
1305031120.670000
1305031120.680000
1305031120.690000
1305031120.700000
1305031120.710000
1305031120.720000
1305031120.730000
1305031120.740000
1305031120.750000
1305031120.760000
1305031120.770000
1305031120.780000
1305031120.790000
1305031120.800000
1305031120.810000
1305031120.820000
1305031120.830000
1305031120.840000
1305031120.850000
1305031120.860000
1305031120.870000
1305031120.880000
1305031120.890000
1305031120.900000
1305031120.910000
1305031120.920000
1305031120.930000
1305031120.940000
1305031120.950000
1305031120.960000
1305031120.970000
1305031120.980000
1305031120.990000
1305031121.000000
1305031121.010000
1305031121.020000
1305031121.030000
1305031121.040000
1305031121.050000
1305031121.060000
1305031121.070000
1305031121.080000
1305031121.090000
1305031121.100000
1305031121.110000
1305031121.120000
1305031121.130000
1305031121.140000
1305031121.150000
1305031121.160000
1305031121.170000
1305031121.180000
1305031121.190000
1305031121.200000
1305031121.210000
1305031121.220000
1305031121.230000
1305031121.240000
1305031121.250000
1305031121.260000
1305031121.270000
1305031121.280000
1305031121.290000
1305031121.300000
1305031121.310000
1305031121.320000
1305031121.330000
1305031121.340000
1305031121.350000
1305031121.360000
1305031121.370000
1305031121.380000
1305031121.390000
1305031121.400000
1305031121.410000
1305031121.420000
1305031121.430000
1305031121.440000
1305031121.450000
1305031121.460000
1305031121.470000
1305031121.480000
1305031121.490000
1305031121.500000
1305031121.510000
1305031121.520000
1305031121.530000
1305031121.540000
1305031121.550000
1305031121.560000
1305031121.570000
1305031121.580000
1305031121.590000
1305031121.600000
1305031121.610000
1305031121.620000
1305031121.630000
1305031121.640000
1305031121.650000
1305031121.660000
1305031121.670000
1305031121.680000
1305031121.690000
1305031121.700000
1305031121.710000
1305031121.720000
1305031121.730000
1305031121.740000
1305031121.750000
1305031121.760000
1305031121.770000
1305031121.780000
1305031121.790000
1305031121.800000
1305031121.810000
1305031121.820000
1305031121.830000
1305031121.840000
1305031121.850000
1305031121.860000
1305031121.870000
1305031121.870000
1305031121.880000
1305031121.890000
1305031121.900000
