0.7761 -20.0000
0.8035 -19.9000
0.7841 -19.8000
0.7935 -19.7000
0.7869 -19.6000
0.7826 -19.5000
0.8122 -19.4000
0.7909 -19.3000
0.8010 -19.2000
0.7937 -19.1000
0.7889 -19.0000
0.8207 -18.9000
0.7977 -18.8000
0.8085 -18.7000
0.8005 -18.6000
0.7952 -18.5000
0.8292 -18.4000
0.8045 -18.3000
0.8158 -18.2000
0.8072 -18.1000
0.8015 -18.0000
0.8376 -17.9000
0.8112 -17.8000
0.8232 -17.7000
0.8139 -17.6000
0.8077 -17.5000
0.8459 -17.4000
0.8178 -17.3000
0.8304 -17.2000
0.8205 -17.1000
0.8139 -17.0000
0.8542 -16.9000
0.8244 -16.8000
0.8376 -16.7000
0.8270 -16.6000
0.8200 -16.5000
0.8623 -16.4000
0.8309 -16.3000
0.8447 -16.2000
0.8335 -16.1000
0.8261 -16.0000
0.8704 -15.9000
0.8374 -15.8000
0.8518 -15.7000
0.8400 -15.6000
0.8321 -15.5000
0.8784 -15.4000
0.8438 -15.3000
0.8588 -15.2000
0.8464 -15.1000
0.8381 -15.0000
0.8863 -14.9000
0.8488 -14.8000
0.8639 -14.7000
0.8514 -14.6000
0.8429 -14.5000
0.8922 -14.4000
0.8551 -14.3000
0.8709 -14.2000
0.8577 -14.1000
0.8488 -14.0000
0.9000 -13.9000
0.8614 -13.8000
0.8777 -13.7000
0.8639 -13.6000
0.8546 -13.5000
0.9077 -13.4000
0.8676 -13.3000
0.8845 -13.2000
0.8702 -13.1000
0.8605 -13.0000
0.9154 -12.9000
0.8738 -12.8000
0.8913 -12.7000
0.8764 -12.6000
0.8663 -12.5000
0.9230 -12.4000
0.8800 -12.3000
0.8980 -12.2000
0.8825 -12.1000
0.8720 -12.0000
0.9306 -11.9000
0.8861 -11.8000
0.9047 -11.7000
0.8886 -11.6000
0.8777 -11.5000
0.9381 -11.4000
0.8922 -11.3000
0.9113 -11.2000
0.8947 -11.1000
0.8834 -11.0000
0.9455 -10.9000
0.8982 -10.8000
0.9178 -10.7000
0.9007 -10.6000
0.8890 -10.5000
0.9529 -10.4000
0.9042 -10.3000
0.9252 -10.2000
0.9077 -10.1000
0.8958 -10.0000
0.9610 -9.9000
0.9110 -9.8000
0.9317 -9.7000
0.9137 -9.6000
0.9013 -9.5000
0.9683 -9.4000
0.9170 -9.3000
0.9381 -9.2000
0.9196 -9.1000
0.9069 -9.0000
0.9755 -8.9000
0.9228 -8.8000
0.9445 -8.7000
0.9254 -8.6000
0.9124 -8.5000
0.9826 -8.4000
0.9287 -8.3000
0.9508 -8.2000
0.9312 -8.1000
0.9178 -8.0000
0.9897 -7.9000
0.9345 -7.8000
0.9571 -7.7000
0.9370 -7.6000
0.9233 -7.5000
0.9968 -7.4000
0.9402 -7.3000
0.9633 -7.2000
0.9428 -7.1000
0.9287 -7.0000
0.9962 -6.9000
0.9459 -6.8000
0.9695 -6.7000
0.9485 -6.6000
0.9340 -6.5000
0.9894 -6.4000
0.9516 -6.3000
0.9757 -6.2000
0.9541 -6.1000
0.9394 -6.0000
0.9827 -5.9000
0.9573 -5.8000
0.9818 -5.7000
0.9598 -5.6000
0.9447 -5.5000
0.9761 -5.4000
0.9629 -5.3000
0.9879 -5.2000
0.9654 -5.1000
0.9499 -5.0000
0.9696 -4.9000
0.9685 -4.8000
0.9940 -4.7000
0.9710 -4.6000
0.9552 -4.5000
0.9633 -4.4000
0.9741 -4.3000
1.0000 -4.2000
0.9765 -4.1000
0.9604 -4.0000
0.9571 -3.9000
0.9796 -3.8000
0.9941 -3.7000
0.9820 -3.6000
0.9656 -3.5000
0.9510 -3.4000
0.9851 -3.3000
0.9882 -3.2000
0.9875 -3.1000
0.9708 -3.0000
0.9451 -2.9000
0.9906 -2.8000
0.9825 -2.7000
0.9930 -2.6000
0.9759 -2.5000
0.9392 -2.4000
0.9960 -2.3000
0.9768 -2.2000
0.9984 -2.1000
0.9810 -2.0000
0.9335 -1.9000
0.9986 -1.8000
0.9713 -1.7000
0.9962 -1.6000
0.9861 -1.5000
0.9278 -1.4000
0.9933 -1.3000
0.9658 -1.2000
0.9909 -1.1000
0.9912 -1.0000
0.9223 -0.9000
0.9880 -0.8000
0.9605 -0.7000
0.9857 -0.6000
0.9962 -0.5000
0.9169 -0.4000
0.9829 -0.3000
0.9552 -0.2000
0.9806 -0.1000
1.0000 0.0000
0.9135 0.1000
0.9819 0.2000
0.9562 0.3000
0.9836 0.4000
0.9962 0.5000
0.9189 0.6000
0.9871 0.7000
0.9615 0.8000
0.9888 0.9000
0.9912 1.0000
0.9243 1.1000
0.9923 1.2000
0.9669 1.3000
0.9941 1.4000
0.9861 1.5000
0.9299 1.6000
0.9976 1.7000
0.9724 1.8000
0.9994 1.9000
0.9810 2.0000
0.9356 2.1000
0.9970 2.2000
0.9780 2.3000
0.9952 2.4000
0.9759 2.5000
0.9414 2.6000
0.9916 2.7000
0.9836 2.8000
0.9897 2.9000
0.9708 3.0000
0.9473 3.1000
0.9861 3.2000
0.9894 3.3000
0.9843 3.4000
0.9656 3.5000
0.9533 3.6000
0.9806 3.7000
0.9952 3.8000
0.9788 3.9000
0.9604 4.0000
0.9594 4.1000
0.9751 4.2000
0.9988 4.3000
0.9732 4.4000
0.9552 4.5000
0.9657 4.6000
0.9695 4.7000
0.9928 4.8000
0.9677 4.9000
0.9499 5.0000
0.9720 5.1000
0.9640 5.2000
0.9867 5.3000
0.9621 5.4000
0.9447 5.5000
0.9785 5.6000
0.9583 5.7000
0.9806 5.8000
0.9565 5.9000
0.9394 6.0000
0.9851 6.1000
0.9527 6.2000
0.9745 6.3000
0.9508 6.4000
0.9340 6.5000
0.9919 6.6000
0.9470 6.7000
0.9683 6.8000
0.9451 6.9000
0.9287 7.0000
0.9988 7.1000
0.9413 7.2000
0.9621 7.3000
0.9394 7.4000
0.9233 7.5000
0.9942 7.6000
0.9355 7.7000
0.9558 7.8000
0.9336 7.9000
0.9178 8.0000
0.9871 8.1000
0.9297 8.2000
0.9495 8.3000
0.9278 8.4000
0.9124 8.5000
0.9800 8.6000
0.9239 8.7000
0.9432 8.8000
0.9220 8.9000
0.9069 9.0000
0.9728 9.1000
0.9180 9.2000
0.9368 9.3000
0.9161 9.4000
0.9013 9.5000
0.9656 9.6000
0.9121 9.7000
0.9304 9.8000
0.9102 9.9000
0.8958 10.0000
0.9583 10.1000
0.9069 10.2000
0.9256 10.3000
0.9055 10.4000
0.8913 10.5000
0.9529 10.6000
0.9016 10.7000
0.9191 10.8000
0.8996 10.9000
0.8857 11.0000
0.9455 11.1000
0.8955 11.2000
0.9126 11.3000
0.8935 11.4000
0.8800 11.5000
0.9381 11.6000
0.8895 11.7000
0.9060 11.8000
0.8875 11.9000
0.8743 12.0000
0.9306 12.1000
0.8834 12.2000
0.8993 12.3000
0.8814 12.4000
0.8686 12.5000
0.9230 12.6000
0.8773 12.7000
0.8926 12.8000
0.8752 12.9000
0.8628 13.0000
0.9154 13.1000
0.8711 13.2000
0.8859 13.3000
0.8690 13.4000
0.8570 13.5000
0.9077 13.6000
0.8649 13.7000
0.8791 13.8000
0.8628 13.9000
0.8511 14.0000
0.9000 14.1000
0.8586 14.2000
0.8722 14.3000
0.8565 14.4000
0.8452 14.5000
0.8922 14.6000
0.8523 14.7000
0.8653 14.8000
0.8490 14.9000
0.8381 15.0000
0.8834 15.1000
0.8450 15.2000
0.8574 15.3000
0.8426 15.4000
0.8321 15.5000
0.8754 15.6000
0.8386 15.7000
0.8504 15.8000
0.8362 15.9000
0.8261 16.0000
0.8674 16.1000
0.8321 16.2000
0.8433 16.3000
0.8297 16.4000
0.8200 16.5000
0.8593 16.6000
0.8256 16.7000
0.8362 16.8000
0.8232 16.9000
0.8139 17.0000
0.8511 17.1000
0.8190 17.2000
0.8290 17.3000
0.8166 17.4000
0.8077 17.5000
0.8429 17.6000
0.8124 17.7000
0.8217 17.8000
0.8099 17.9000
0.8015 18.0000
0.8345 18.1000
0.8057 18.2000
0.8144 18.3000
0.8032 18.4000
0.7952 18.5000
0.8261 18.6000
0.7990 18.7000
0.8070 18.8000
0.7965 18.9000
0.7889 19.0000
0.8176 19.1000
0.7922 19.2000
0.7995 19.3000
0.7897 19.4000
0.7826 19.5000
0.8089 19.6000
0.7854 19.7000
0.7920 19.8000
0.7828 19.9000
